Date,Open,High,Low,Close,Volume,Dividends,Stock Splits
2020-07-30 00:00:00+05:30,27.257630484444757,28.620512008666992,27.257630484444757,28.620512008666992,3700,0.0,0.0
2020-07-31 00:00:00+05:30,30.04534149169922,30.04534149169922,30.04534149169922,30.04534149169922,464,0.0,0.0
2020-08-03 00:00:00+05:30,31.544511027170618,31.544511027170618,29.735594913704947,31.35866355895996,53364,0.0,0.0
2020-08-04 00:00:00+05:30,31.470171716257838,31.470171716257838,29.797544479370117,29.797544479370117,29612,0.0,0.0
2020-08-05 00:00:00+05:30,30.057731840335574,30.057731840335574,28.310764850459535,28.34793472290039,10724,0.0,0.0
2020-08-06 00:00:00+05:30,27.25763029986443,29.7603759765625,26.93549391283252,29.7603759765625,22236,0.0,0.0
2020-08-07 00:00:00+05:30,29.73559630834926,30.962188899853345,28.273595778414425,29.822324752807617,8904,0.0,0.0
2020-08-10 00:00:00+05:30,28.521392734254814,31.309104919433594,28.509004036643677,31.309104919433594,9540,0.0,0.0
2020-08-11 00:00:00+05:30,31.234764758297324,32.87022018432617,31.234764758297324,32.87022018432617,2480,0.0,0.0
2020-08-12 00:00:00+05:30,34.4437309278834,34.505680084228516,32.956951175600665,34.505680084228516,3124,0.0,0.0
2020-08-13 00:00:00+05:30,39.89525743429909,41.40681838989258,37.23144366151204,41.40681838989258,154792,0.0,0.0
2020-08-14 00:00:00+05:30,46.784003944046496,49.683223724365234,44.66534202651788,49.683223724365234,343704,0.0,0.0
2020-08-17 00:00:00+05:30,53.22671588247995,54.651546478271484,50.798308197785175,54.651546478271484,252740,0.0,0.0
2020-08-18 00:00:00+05:30,56.993224242428816,60.11546325683594,56.993224242428816,60.11546325683594,292764,0.0,0.0
2020-08-19 00:00:00+05:30,65.40591832002832,66.12452697753906,63.68372885341167,66.12452697753906,112732,0.0,0.0
2020-08-20 00:00:00+05:30,69.42022705078125,69.42022705078125,69.42022705078125,69.42022705078125,27840,0.0,0.0
2020-08-21 00:00:00+05:30,70.54770479547707,70.60965395403926,65.9510726928711,65.9510726928711,143364,0.0,0.0
2020-08-24 00:00:00+05:30,62.65538024902344,62.65538024902344,62.65538024902344,62.65538024902344,10664,0.0,0.0
2020-08-25 00:00:00+05:30,59.53314208984375,59.53314208984375,59.53314208984375,59.53314208984375,11080,0.0,0.0
2020-08-26 00:00:00+05:30,56.5595817565918,56.5595817565918,56.5595817565918,56.5595817565918,7052,0.0,0.0
2020-08-27 00:00:00+05:30,53.734703063964844,53.734703063964844,53.734703063964844,53.734703063964844,7052,0.0,0.0
2020-08-28 00:00:00+05:30,51.058497617027015,56.41090268734506,51.058497617027015,51.182395935058594,594400,0.0,0.0
2020-08-31 00:00:00+05:30,48.96461577024311,53.127596143819396,48.630088806152344,48.630088806152344,83500,0.0,0.0
2020-09-01 00:00:00+05:30,46.63532331649104,47.56456064525113,46.20167922973633,46.20167922973633,16476,0.0,0.0
2020-09-02 00:00:00+05:30,43.89717102050781,45.58218884262195,43.89717102050781,43.89717102050781,36948,0.0,0.0
2020-09-03 00:00:00+05:30,42.53429366315966,46.09017712006882,42.12543070113817,44.81402587890625,216460,0.0,0.0
2020-09-04 00:00:00+05:30,42.6458028983671,44.35559818758062,42.583853738887235,42.6086311340332,63816,0.0,0.0
2020-09-07 00:00:00+05:30,42.79447501915117,42.79447501915117,40.68820377369307,41.25813674926758,31624,0.0,0.0
2020-09-08 00:00:00+05:30,41.22097233240732,41.22097233240732,39.2014274597168,39.2014274597168,40280,0.0,0.0
2020-09-09 00:00:00+05:30,37.2438377158054,38.97841428744299,37.2438377158054,37.491634368896484,26036,0.0,0.0
2020-09-10 00:00:00+05:30,38.13590127022534,38.13590127022534,35.62076689413126,35.79422378540039,59672,0.0,0.0
2020-09-11 00:00:00+05:30,35.52165144861643,36.67390436383316,34.72869914021263,35.64554977416992,28640,0.0,0.0
2020-09-14 00:00:00+05:30,34.98888544358631,36.92170002670288,34.98888544358631,35.980072021484375,41796,0.0,0.0
2020-09-15 00:00:00+05:30,37.77659606933594,37.77659606933594,36.22786710797355,37.77659606933594,46472,0.0,0.0
2020-09-16 00:00:00+05:30,39.362495876784536,39.65985107421875,39.35010528916718,39.65985107421875,18296,0.0,0.0
2020-09-17 00:00:00+05:30,41.6422233581543,41.6422233581543,41.6422233581543,41.6422233581543,4292,0.0,0.0
2020-09-18 00:00:00+05:30,43.3396326844666,43.72371824917362,40.031549667071644,42.137821197509766,193052,0.0,0.0
2020-09-21 00:00:00+05:30,41.74134283279348,41.74134283279348,40.03154754638672,40.03154754638672,26816,0.0,0.0
2020-09-22 00:00:00+05:30,38.03678512573242,38.03678512573242,38.03678512573242,38.03678512573242,6176,0.0,0.0
2020-09-23 00:00:00+05:30,36.43849518380202,37.417291115712985,36.14113998413086,36.14113998413086,21780,0.0,0.0
2020-09-24 00:00:00+05:30,34.34461212158203,34.34461212158203,34.34461212158203,34.34461212158203,2708,0.0,0.0
2020-09-25 00:00:00+05:30,33.229529577015064,35.60837495505082,32.63481539669875,34.592411041259766,46432,0.0,0.0
2020-09-28 00:00:00+05:30,34.592410578377454,36.15352630076175,33.09324023155344,35.843780517578125,36052,0.0,0.0
2020-09-29 00:00:00+05:30,35.84378257571352,36.4013250174579,34.20832701524268,34.654361724853516,13468,0.0,0.0
2020-09-30 00:00:00+05:30,33.452545621440734,35.12517290251277,32.93217117712103,33.130409240722656,18692,0.0,0.0
2020-10-01 00:00:00+05:30,33.130405174677485,34.6791339485599,31.49494796756526,32.10205078125,29824,0.0,0.0
2020-10-05 00:00:00+05:30,33.45254392256223,33.45254392256223,32.25072879513592,32.65959548950195,14968,0.0,0.0
2020-10-06 00:00:00+05:30,32.98173613386593,33.45254826366453,31.804702028292546,32.95695495605469,24860,0.0,0.0
2020-10-07 00:00:00+05:30,33.20475043240092,33.20475043240092,31.965767207311334,32.164005279541016,9804,0.0,0.0
2020-10-08 00:00:00+05:30,30.986968474953883,32.696763661917934,30.986968474953883,31.569290161132812,18324,0.0,0.0
2020-10-09 00:00:00+05:30,32.48613949536315,32.5976472219268,30.974578549706862,31.395832061767578,19452,0.0,0.0
2020-10-12 00:00:00+05:30,32.70915607429641,33.390596825844256,30.974579615810995,31.16042709350586,20664,0.0,0.0
2020-10-13 00:00:00+05:30,30.243579485901368,32.95695183161202,29.735595637544677,31.544511795043945,14412,0.0,0.0
2020-10-14 00:00:00+05:30,32.51091823893634,32.51091823893634,30.23118991927213,31.309104919433594,13232,0.0,0.0
2020-10-15 00:00:00+05:30,30.59049423159627,32.16400439670091,30.231189862397855,30.949800491333008,11608,0.0,0.0
2020-10-16 00:00:00+05:30,30.962187731813465,32.06488196376726,30.23118843969194,30.937408447265625,4976,0.0,0.0
2020-10-19 00:00:00+05:30,31.82947680259878,31.82947680259878,29.871884911256487,30.553325653076172,4784,0.0,0.0
2020-10-20 00:00:00+05:30,30.46659570075099,31.22237619827373,30.008172301344313,30.491376876831055,9072,0.0,0.0
2020-10-21 00:00:00+05:30,31.358665004269547,31.71796936982174,29.983392919909615,31.061307907104492,10568,0.0,0.0
2020-10-22 00:00:00+05:30,30.231190516416063,31.222377090724788,30.231190516416063,31.086088180541992,5748,0.0,0.0
2020-10-23 00:00:00+05:30,30.726781946203005,34.18354415893555,30.52854388710898,34.18354415893555,48760,0.0,0.0
2020-10-26 00:00:00+05:30,34.69152803246813,37.59074783325195,34.67913744481266,37.59074783325195,106968,0.0,0.0
2020-10-27 00:00:00+05:30,39.374885178375685,41.344871520996094,36.01724368051568,41.344871520996094,299688,0.0,0.0
2020-10-28 00:00:00+05:30,42.373224676111754,43.40157920114231,39.2881573199435,40.45280075073242,448368,0.0,0.0
2020-10-29 00:00:00+05:30,40.63864650709509,40.65103709456254,38.433258056640625,38.433258056640625,25924,0.0,0.0
2020-10-30 00:00:00+05:30,38.86690453886922,38.86690453886922,36.51283645629883,36.51283645629883,48124,0.0,0.0
2020-11-02 00:00:00+05:30,37.81376738157123,37.81376738157123,34.6915283203125,34.6915283203125,43336,0.0,0.0
2020-11-03 00:00:00+05:30,34.67913899619393,34.67913899619393,33.01890226515565,33.31625747680664,32300,0.0,0.0
2020-11-04 00:00:00+05:30,32.10205635692324,34.53046425236621,32.10205635692324,33.291481018066406,48136,0.0,0.0
2020-11-05 00:00:00+05:30,33.32864640550292,34.914543309393665,33.32864640550292,33.774681091308594,26128,0.0,0.0
2020-11-06 00:00:00+05:30,33.77468037545577,35.459698163298604,33.77468037545577,35.1375617980957,69548,0.0,0.0
2020-11-09 00:00:00+05:30,35.43491821289063,36.26503843870014,35.00127410888672,35.930511474609375,27304,0.0,0.0
2020-11-10 00:00:00+05:30,36.178309788936275,36.97125828836886,34.741088506859086,35.78183364868164,26968,0.0,0.0
2020-11-11 00:00:00+05:30,35.43491744322331,36.28981504490397,34.75347672316132,35.12517166137695,9132,0.0,0.0
2020-11-12 00:00:00+05:30,34.31983337402344,36.87213942809031,34.034868760965765,35.620765686035156,19284,0.0,0.0
2020-11-13 00:00:00+05:30,35.434917621748255,37.39250946044922,35.434917621748255,37.39250946044922,49544,0.0,0.0
2020-11-14 00:00:00+05:30,38.25979768420955,39.25098419189453,38.25979768420955,39.25098419189453,35600,0.0,0.0
2020-11-17 00:00:00+05:30,41.208580017089844,41.208580017089844,41.208580017089844,41.208580017089844,15836,0.0,0.0
2020-11-18 00:00:00+05:30,41.592666002176706,43.265293260477485,39.4120548943989,39.95720672607422,91180,0.0,0.0
2020-11-19 00:00:00+05:30,39.64746217507018,40.589090157943424,38.65627562069343,38.89168167114258,21052,0.0,0.0
2020-11-20 00:00:00+05:30,39.64746374851167,40.36607251652273,37.565973414145525,38.64388656616211,22860,0.0,0.0
2020-11-23 00:00:00+05:30,39.39966238472058,40.5643057367329,37.66508605331778,40.527137756347656,86184,0.0,0.0
2020-11-24 00:00:00+05:30,41.86523840099512,41.86523840099512,38.65627291225108,39.27576446533203,67872,0.0,0.0
2020-11-25 00:00:00+05:30,39.15186812132202,40.638647923397535,38.16068158660501,39.63507080078125,31404,0.0,0.0
2020-11-26 00:00:00+05:30,39.64746259578179,40.14305587822906,38.904072672110885,39.808528900146484,19372,0.0,0.0
2020-11-27 00:00:00+05:30,40.613869053994925,41.25814185057882,39.27576866856903,40.1926155090332,28028,0.0,0.0
2020-12-01 00:00:00+05:30,42.19976806640625,42.19976806640625,41.1342417703564,42.19976806640625,71808,0.0,0.0
2020-12-02 00:00:00+05:30,42.6458012234718,43.83522201390985,40.45279955158325,41.82807159423828,50336,0.0,0.0
2020-12-03 00:00:00+05:30,41.1714100920112,42.125428665393414,40.39085219093604,41.15902328491211,53232,0.0,0.0
2020-12-04 00:00:00+05:30,41.159022793246514,42.03869782706612,40.88644498094292,41.48115539550781,31092,0.0,0.0
2020-12-07 00:00:00+05:30,40.77493842248819,44.36798975133022,40.65104010080398,42.58385467529297,47172,0.0,0.0
2020-12-08 00:00:00+05:30,43.59981453543476,46.288409375028714,42.24932371256794,45.17332458496094,67416,0.0,0.0
2020-12-09 00:00:00+05:30,46.337967660263004,47.08135751577524,44.60339133073444,45.90432357788086,42232,0.0,0.0
2020-12-10 00:00:00+05:30,47.824750183206596,50.48856398874789,44.107800687102454,50.476173400878906,244792,0.0,0.0
2020-12-11 00:00:00+05:30,50.476170780995545,53.003695550943995,49.31152742221381,50.03013610839844,145548,0.0,0.0
2020-12-14 00:00:00+05:30,51.49213843629582,51.49213843629582,49.13807054428059,50.03013610839844,64060,0.0,0.0
2020-12-15 00:00:00+05:30,50.05492130330576,50.761143240065245,47.45305658209432,49.20002365112305,51532,0.0,0.0
2020-12-16 00:00:00+05:30,49.063733221584314,50.30271638374553,48.46902281617754,49.1380729675293,22324,0.0,0.0
2020-12-17 00:00:00+05:30,49.46020689353222,50.17881557952449,48.840715343167716,49.72039031982422,25884,0.0,0.0
2020-12-18 00:00:00+05:30,50.05492084407378,50.05492084407378,48.39468412674804,49.2124137878418,18860,0.0,0.0
2020-12-21 00:00:00+05:30,49.21240996378699,50.401830708142995,45.7184761292813,46.21406936645508,55932,0.0,0.0
2020-12-22 00:00:00+05:30,44.85119239796943,47.55217429514022,44.85119239796943,46.39992141723633,25696,0.0,0.0
2020-12-23 00:00:00+05:30,47.47783853403949,51.03371810913086,46.61055027946939,51.03371810913086,127264,0.0,0.0
2020-12-24 00:00:00+05:30,51.78949744216214,52.693953660180725,49.06373441889045,49.62127685546875,51900,0.0,0.0
2020-12-28 00:00:00+05:30,51.28151343386963,54.57720947265625,49.62127671690994,54.57720947265625,88268,0.0,0.0
2020-12-29 00:00:00+05:30,55.70468072437024,58.52956066939952,54.40374847422427,54.68871307373047,115088,0.0,0.0
2020-12-30 00:00:00+05:30,54.775446789361574,54.775446789361574,52.28508985747053,53.46212387084961,29700,0.0,0.0
2020-12-31 00:00:00+05:30,54.23029675833868,58.23221102484981,52.59483740435903,57.53837966918945,104516,0.0,0.0
2021-01-01 00:00:00+05:30,56.497631960149825,63.28725814819336,56.497631960149825,63.28725814819336,172792,0.0,0.0
2021-01-04 00:00:00+05:30,64.89793781536372,64.9227189915316,61.96154993114843,63.34920883178711,94200,0.0,0.0
2021-01-05 00:00:00+05:30,61.92437639717274,63.65895280920645,60.18979998513903,60.61105728149414,78944,0.0,0.0
2021-01-06 00:00:00+05:30,60.710172497748715,61.94915560994767,57.61271471725133,58.182647705078125,42032,0.0,0.0
2021-01-07 00:00:00+05:30,59.34729386180765,59.483582766766155,56.52241374574305,58.72780227661133,37084,0.0,0.0
2021-01-08 00:00:00+05:30,57.488815230515414,60.214578021617434,57.488815230515414,58.62868118286133,33016,0.0,0.0
2021-01-11 00:00:00+05:30,57.36491946258593,61.55268096923828,57.36491946258593,61.55268096923828,45664,0.0,0.0
2021-01-12 00:00:00+05:30,61.94915798159912,64.62535858154297,61.664193367314375,64.62535858154297,75080,0.0,0.0
2021-01-13 00:00:00+05:30,66.16169949989744,66.16169949989744,61.788090539769264,63.522666931152344,42648,0.0,0.0
2021-01-14 00:00:00+05:30,63.52266579427325,63.52266579427325,60.78451235495143,61.58985137939453,32052,0.0,0.0
2021-01-15 00:00:00+05:30,61.094263560142785,63.68373774329488,60.33848303693503,61.75092315673828,16840,0.0,0.0
2021-01-18 00:00:00+05:30,61.986328373732675,61.986328373732675,58.66585488926313,60.22697448730469,27332,0.0,0.0
2021-01-19 00:00:00+05:30,60.611055414600735,62.419967735143715,59.47118943794294,59.73137664794922,11436,0.0,0.0
2021-01-20 00:00:00+05:30,59.73138089065686,61.61463308797956,59.08710811355269,60.33848190307617,9828,0.0,0.0
2021-01-21 00:00:00+05:30,60.95797133916511,61.45356460208516,57.32775220070642,57.4020881652832,40720,0.0,0.0
2021-01-22 00:00:00+05:30,58.49239450312073,58.541953072257606,54.5400390625,54.5400390625,31068,0.0,0.0
2021-01-25 00:00:00+05:30,57.24102188127821,57.24102188127821,51.81427716340582,52.136409759521484,33712,0.0,0.0
2021-01-27 00:00:00+05:30,50.55051515461457,53.18954788922627,49.559328582955466,49.90624237060547,24708,0.0,0.0
2021-01-28 00:00:00+05:30,48.32034288164516,51.36824218885654,48.32034288164516,49.460208892822266,21168,0.0,0.0
2021-01-29 00:00:00+05:30,48.32034159049714,51.92578321923413,48.32034159049714,51.66559600830078,13300,0.0,0.0
2021-02-01 00:00:00+05:30,51.19478558066265,53.92054852718033,50.30271619482625,53.68513870239258,16712,0.0,0.0
2021-02-02 00:00:00+05:30,54.57720794677734,54.57720794677734,52.458545996714385,53.89576721191406,14724,0.0,0.0
2021-02-03 00:00:00+05:30,55.51883635970546,55.54361375435053,52.78068280983442,54.50286865234375,11056,0.0,0.0
2021-02-04 00:00:00+05:30,53.56123760457288,55.989645223367994,53.28866359272502,55.51883316040039,30972,0.0,0.0
2021-02-05 00:00:00+05:30,56.48523790934502,56.48523790934502,53.52406910182505,53.98249435424805,16108,0.0,0.0
2021-02-08 00:00:00+05:30,54.03205966371987,56.39851840006211,53.338228295530136,55.964874267578125,22676,0.0,0.0
2021-02-09 00:00:00+05:30,57.21623871958742,58.18264781761771,55.50644353387626,57.3525276184082,30084,0.0,0.0
2021-02-10 00:00:00+05:30,57.649885098924834,59.68182051240896,56.497632269026624,58.83930969238281,28508,0.0,0.0
2021-02-11 00:00:00+05:30,59.47119154515808,61.701361228101504,58.975598282281766,59.570308685302734,54796,0.0,0.0
2021-02-12 00:00:00+05:30,59.48358545499416,62.54387175552087,58.281770212969306,60.20219421386719,61524,0.0,0.0
2021-02-15 00:00:00+05:30,60.933190764072386,63.200532232921674,60.933190764072386,62.135005950927734,50816,0.0,0.0
2021-02-16 00:00:00+05:30,63.1633586179407,65.2324619628099,61.94915665983845,63.113800048828125,44656,0.0,0.0
2021-02-17 00:00:00+05:30,62.804056813999615,65.82717502545691,61.602245394677375,64.79882049560547,38112,0.0,0.0
2021-02-18 00:00:00+05:30,63.93153167476857,66.09975222575395,62.419970692508144,63.163360595703125,28020,0.0,0.0
2021-02-19 00:00:00+05:30,61.50312580212827,63.13858515212972,60.313701164043266,60.63583755493164,42996,0.0,0.0
2021-02-22 00:00:00+05:30,61.52790533282089,61.52790533282089,57.7861746254376,58.306549072265625,29904,0.0,0.0
2021-02-23 00:00:00+05:30,58.62868437375874,60.68539338503033,58.62868437375874,59.47119140625,5952,0.0,0.0
2021-02-24 00:00:00+05:30,59.471193897527996,60.251751805002385,57.860515729469945,57.959632873535156,13228,0.0,0.0
2021-02-25 00:00:00+05:30,58.256988240995085,60.846462224522455,58.256988240995085,59.607479095458984,13912,0.0,0.0
2021-02-26 00:00:00+05:30,59.074716190323265,59.70659836491955,58.009193686149956,58.82691955566406,22952,0.0,0.0
2021-03-01 00:00:00+05:30,58.23220794391999,60.33847929508305,57.241021425725606,58.96320724487305,20500,0.0,0.0
2021-03-02 00:00:00+05:30,59.70659777147835,59.70659777147835,57.38970152908905,57.81095504760742,11496,0.0,0.0
2021-03-03 00:00:00+05:30,56.99322599041953,59.22339570308812,56.99322599041953,57.58793640136719,9060,0.0,0.0
2021-03-04 00:00:00+05:30,58.56673429446886,58.97559721652257,56.99322420084114,57.32775115966797,17308,0.0,0.0
2021-03-05 00:00:00+05:30,57.84812225261558,58.25698895889082,55.779022670228116,56.076377868652344,11192,0.0,0.0
2021-03-08 00:00:00+05:30,56.398517709387036,58.2941605243145,54.68871859645717,57.11712646484375,21464,0.0,0.0
2021-03-09 00:00:00+05:30,56.249833814663674,57.612715250701775,55.01085069099266,56.10115432739258,5872,0.0,0.0
2021-03-10 00:00:00+05:30,55.3825488242214,56.51002428804392,55.02324445383664,55.70468521118164,9512,0.0,0.0
2021-03-12 00:00:00+05:30,55.741851355601106,57.786173560190946,55.25864868164063,56.99322509765625,11004,0.0,0.0
2021-03-15 00:00:00+05:30,57.48881755206848,57.810953923877264,54.14356308244381,54.329410552978516,23624,0.0,0.0
2021-03-16 00:00:00+05:30,55.754242595112174,56.00203922886823,53.028479623795576,53.363006591796875,10068,0.0,0.0
2021-03-17 00:00:00+05:30,53.21432573400658,54.82500381210224,52.53288500865841,54.639156341552734,6340,0.0,0.0
2021-03-18 00:00:00+05:30,54.663940200946975,55.50644726304467,52.04968489729807,52.297481536865234,8640,0.0,0.0
2021-03-19 00:00:00+05:30,52.19835923887013,52.24792159034073,49.96818954144926,51.095664978027344,15196,0.0,0.0
2021-03-22 00:00:00+05:30,50.339881493687365,51.76471204886914,50.339881493687365,51.28150939941406,4292,0.0,0.0
2021-03-23 00:00:00+05:30,50.24076616749826,52.594834126024686,50.24076616749826,51.851444244384766,4756,0.0,0.0
2021-03-24 00:00:00+05:30,50.63724316613488,53.13998687596908,50.612461990551,51.20717239379883,32576,0.0,0.0
2021-03-25 00:00:00+05:30,50.401831777284166,51.50452977824771,48.815934897118005,48.97700119018555,18120,0.0,0.0
2021-03-26 00:00:00+05:30,49.06373276580394,50.04252869860341,47.081359724761356,47.291988372802734,20744,0.0,0.0
2021-03-30 00:00:00+05:30,47.57695376685193,48.555749715735914,46.0901739616378,46.238853454589844,31452,0.0,0.0
2021-03-31 00:00:00+05:30,46.61054916936976,47.82475118441918,44.15736018193751,46.42470169067383,23260,0.0,0.0
2021-04-01 00:00:00+05:30,48.2460060296668,48.27078720659975,46.635327837020505,47.93626022338867,4656,0.0,0.0
2021-04-05 00:00:00+05:30,45.89193321774233,49.11328927422963,45.89193321774233,47.861915588378906,9120,0.0,0.0
2021-04-06 00:00:00+05:30,47.24242540725948,49.23718901007066,46.845953072855245,47.82474899291992,3604,0.0,0.0
2021-04-07 00:00:00+05:30,47.94864746289553,50.21598509405923,47.50261277679284,49.16284942626953,17508,0.0,0.0
2021-04-08 00:00:00+05:30,52.718730376049244,52.718730376049244,50.32749452947213,50.87264633178711,6984,0.0,0.0
2021-04-09 00:00:00+05:30,52.27269595029817,53.288663599238326,49.81951093798595,52.830238342285156,14804,0.0,0.0
2021-04-12 00:00:00+05:30,52.90458168302282,53.01608941279045,47.67607116116932,47.985816955566406,42836,0.0,0.0
2021-04-13 00:00:00+05:30,45.867156216578,52.7311218855647,45.867156216578,50.53812026977539,12816,0.0,0.0
2021-04-15 00:00:00+05:30,51.36824313113096,51.801887241869515,48.14688687993027,49.12568283081055,10356,0.0,0.0
2021-04-16 00:00:00+05:30,47.94864909683846,51.046107048830606,47.94864909683846,50.25315856933594,4596,0.0,0.0
2021-04-19 00:00:00+05:30,48.56814242441141,49.757567076734794,46.73444876367555,47.93626022338867,6932,0.0,0.0
2021-04-20 00:00:00+05:30,48.35751008575402,49.0637319827853,47.32915559955551,47.72563171386719,3748,0.0,0.0
2021-04-22 00:00:00+05:30,46.622935336301055,48.56814043237529,45.99105694227172,47.267208099365234,10700,0.0,0.0
2021-04-23 00:00:00+05:30,48.74159435871152,48.92744182356253,45.991054147562274,48.171661376953125,6320,0.0,0.0
2021-04-26 00:00:00+05:30,49.06373412291024,49.47259706150385,47.71324320756061,49.1132926940918,8140,0.0,0.0
2021-04-27 00:00:00+05:30,47.08136222716557,49.43543033852385,47.08136222716557,48.357513427734375,5304,0.0,0.0
2021-04-28 00:00:00+05:30,49.534544996358456,49.534544996358456,47.093750451039526,48.93983459472656,13676,0.0,0.0
2021-04-29 00:00:00+05:30,48.56814010190633,49.311530001425304,47.3663249185867,48.307952880859375,6864,0.0,0.0
2021-04-30 00:00:00+05:30,48.54336170506574,49.20002508921138,47.576956292798975,47.92387008666992,7132,0.0,0.0
2021-05-03 00:00:00+05:30,49.5097674599726,50.05491929008496,47.081359728297734,48.53097152709961,7596,0.0,0.0
2021-05-04 00:00:00+05:30,49.32391965324732,49.509767124600124,46.11495407077101,46.78400421142578,17496,0.0,0.0
2021-05-05 00:00:00+05:30,47.93625734249567,48.29556169996933,46.09017320424007,47.291988372802734,11120,0.0,0.0
2021-05-06 00:00:00+05:30,47.068970040274145,47.341547851078765,46.59815794642244,46.957462310791016,8728,0.0,0.0
2021-05-07 00:00:00+05:30,46.99463058051767,49.06373400687459,46.99463058051767,48.084938049316406,11804,0.0,0.0
2021-05-10 00:00:00+05:30,47.72563198659128,48.70442790936318,47.09374983001716,47.30437469482422,15056,0.0,0.0
2021-05-11 00:00:00+05:30,47.41588744233391,48.431851373388014,47.08136047390449,48.097328186035156,6044,0.0,0.0
2021-05-12 00:00:00+05:30,47.83714034361765,48.40707335080952,46.73444609250873,47.70085144042969,4780,0.0,0.0
2021-05-14 00:00:00+05:30,48.07254809217598,49.534546753682626,46.82117430572617,46.932682037353516,11300,0.0,0.0
2021-05-17 00:00:00+05:30,49.05134186169999,49.063732449341884,46.6353247335127,48.022987365722656,20636,0.0,0.0
2021-05-18 00:00:00+05:30,48.1840533506652,49.05134154492636,47.564561783335805,48.13449478149414,6460,0.0,0.0
2021-05-19 00:00:00+05:30,48.55574979621666,51.343461935613746,47.67607098712493,50.36466598510742,80792,0.0,0.0
2021-05-20 00:00:00+05:30,51.343460737917354,55.394937131762376,49.571716354194244,55.14714050292969,73220,0.0,0.0
2021-05-21 00:00:00+05:30,58.08352940273908,58.72780216252227,53.908158395273205,56.46046447753906,68128,0.0,0.0
2021-05-24 00:00:00+05:30,56.460461816006244,57.64988257634226,53.263883124643165,54.77544403076172,44860,0.0,0.0
2021-05-25 00:00:00+05:30,54.763056868769304,59.47119297965897,53.77187031910832,57.67466735839844,31332,0.0,0.0
2021-05-26 00:00:00+05:30,57.563156390380954,61.45356262278556,55.01085041233224,55.90291976928711,170676,0.0,0.0
2021-05-27 00:00:00+05:30,56.993225564004156,57.98441209555205,54.54004041085373,55.12236022949219,64976,0.0,0.0
2021-05-28 00:00:00+05:30,54.76305586802138,56.96844438828484,54.76305586802138,55.12236022949219,38900,0.0,0.0
2021-05-31 00:00:00+05:30,54.763057928471305,55.50644785510214,52.532888148578806,53.003700256347656,50640,0.0,0.0
2021-06-01 00:00:00+05:30,53.22671830979684,54.51526006418963,51.591258995440505,51.901004791259766,25568,0.0,0.0
2021-06-02 00:00:00+05:30,51.19478589182015,52.780682830638774,51.13283673356823,52.02490234375,30608,0.0,0.0
2021-06-03 00:00:00+05:30,52.04968217696785,54.453308698930606,52.04968217696785,52.68156433105469,32688,0.0,0.0
2021-06-04 00:00:00+05:30,54.44091951278154,54.65154816325789,51.75232831343195,52.33464813232422,37784,0.0,0.0
2021-06-07 00:00:00+05:30,54.26746411325005,55.13475235250291,53.27627755410393,54.87456512451172,73252,0.0,0.0
2021-06-08 00:00:00+05:30,55.45688688463534,55.469277472425354,53.54885357834468,54.304630279541016,32716,0.0,0.0
2021-06-09 00:00:00+05:30,54.50286571571275,54.91173240663035,52.55766452082305,53.239105224609375,35904,0.0,0.0
2021-06-10 00:00:00+05:30,53.152377930039115,54.51525941542474,53.05326078898715,54.29224395751953,26164,0.0,0.0
2021-06-11 00:00:00+05:30,53.437342382285706,55.494055191949414,53.288666671164286,53.573631286621094,33512,0.0,0.0
2021-06-14 00:00:00+05:30,53.908157937796084,55.13475050747746,53.02847913977608,54.304630279541016,46112,0.0,0.0
2021-06-15 00:00:00+05:30,56.00203889897979,56.00203889897979,53.16476821540165,53.78425979614258,55984,0.0,0.0
2021-06-16 00:00:00+05:30,53.870987854109536,54.51526062851354,53.57363264326025,54.465702056884766,21740,0.0,0.0
2021-06-17 00:00:00+05:30,54.51525674329177,65.35635893656003,53.89576518939073,64.69969940185547,1682848,0.0,0.0
2021-06-18 00:00:00+05:30,68.09450609409531,70.52291743402787,62.6058126393319,65.59176635742188,692424,0.0,0.0
2021-06-21 00:00:00+05:30,64.77403654851645,66.90508904535463,62.61820665771476,64.87315368652344,134668,0.0,0.0
2021-06-22 00:00:00+05:30,64.191715015907,76.32136327564801,64.191715015907,70.9070053100586,924680,0.0,0.0
2021-06-23 00:00:00+05:30,70.86983357115251,80.41000347496151,70.6839861054939,75.7638168334961,1100864,0.0,0.0
2021-06-24 00:00:00+05:30,78.05594361698688,79.23297768740176,72.10882410331169,72.97611236572266,171984,0.0,0.0
2021-06-25 00:00:00+05:30,73.07522464905779,75.57797212361466,72.35661593473927,72.90177154541016,70316,0.0,0.0
2021-06-28 00:00:00+05:30,75.52841255784271,76.49482549986372,72.85221188095467,73.4469223022461,55796,0.0,0.0
2021-06-29 00:00:00+05:30,72.91415648178757,74.79741233325495,72.10881745522576,72.95132446289062,27348,0.0,0.0
2021-06-30 00:00:00+05:30,72.85220602171923,74.82219216859617,69.87864659226129,70.2999038696289,45980,0.0,0.0
2021-07-01 00:00:00+05:30,71.8610263176462,84.3499755859375,70.42380881615465,84.3499755859375,683880,0.0,0.0
2021-07-02 00:00:00+05:30,87.11290634475526,98.00357176982897,86.72882457506988,90.8546371459961,2107108,0.0,0.0
2021-07-05 00:00:00+05:30,90.43338092423818,91.18915760233115,85.99781530635904,86.691650390625,198636,0.0,0.0
2021-07-06 00:00:00+05:30,87.22441345408339,95.35213986471632,86.96423001835711,89.42980194091797,455320,0.0,0.0
2021-07-07 00:00:00+05:30,89.92539341145532,94.16271719778628,86.97661509584995,90.40859985351562,220364,0.0,0.0
2021-07-08 00:00:00+05:30,92.67593904197261,95.15390532651733,91.68475252815472,92.94851684570312,284356,0.0,0.0
2021-07-09 00:00:00+05:30,93.66712675045204,94.31139950508154,90.5077196973614,91.26349639892578,91968,0.0,0.0
2021-07-12 00:00:00+05:30,94.16272066919977,94.16272066919977,86.72882166899979,90.11124420166016,109736,0.0,0.0
2021-07-13 00:00:00+05:30,90.50772034327922,90.91658327593116,87.96780485109957,88.56251525878906,102628,0.0,0.0
2021-07-14 00:00:00+05:30,91.1643772631769,97.40885526804706,88.16603657383725,95.7610092163086,384432,0.0,0.0
2021-07-15 00:00:00+05:30,97.63186845476947,97.63186845476947,91.98210853351699,94.0635986328125,216268,0.0,0.0
2021-07-16 00:00:00+05:30,94.0635997338854,94.0635997338854,90.61922818183172,91.4493408203125,129540,0.0,0.0
2021-07-19 00:00:00+05:30,89.95017577977335,92.87417295932354,89.20678589729589,91.82103729248047,136584,0.0,0.0
2021-07-20 00:00:00+05:30,87.47221308975018,91.43695929211846,87.23680325912326,88.62446594238281,31392,0.0,0.0
2021-07-22 00:00:00+05:30,87.96780218311493,90.44576844179421,84.74644604683184,89.56609344482422,20228,0.0,0.0
2021-07-23 00:00:00+05:30,86.98900547832763,89.75194400151705,86.98900547832763,87.52177429199219,9832,0.0,0.0
2021-07-26 00:00:00+05:30,86.7288166645108,90.69356256917416,83.25966399793037,90.14840698242188,44208,0.0,0.0
2021-07-27 00:00:00+05:30,90.14841034773546,90.14841034773546,85.6509030566679,87.06334686279297,18700,0.0,0.0
2021-07-28 00:00:00+05:30,84.33758090612844,87.06334371891138,83.50746071889581,85.08097076416016,8768,0.0,0.0
2021-07-29 00:00:00+05:30,85.08097471799702,89.33068542480468,81.77288818359375,89.206787109375,29656,0.0,0.0
2021-07-30 00:00:00+05:30,84.99424554304602,92.92373783860715,84.99424554304602,91.54846954345703,77676,0.0,0.0
2021-08-02 00:00:00+05:30,93.66712497541256,96.12031006948088,87.47220930243554,95.95924377441406,96524,0.0,0.0
2021-08-03 00:00:00+05:30,98.17702969607004,100.75411318459996,96.14509426660526,98.2513656616211,71660,0.0,0.0
2021-08-04 00:00:00+05:30,98.12746645927976,100.75411227592342,95.40170350207754,95.79817962646484,21188,0.0,0.0
2021-08-05 00:00:00+05:30,97.71860512650504,98.62306133739473,91.69714232162846,94.00165557861328,10284,0.0,0.0
2021-08-06 00:00:00+05:30,91.9325512932413,93.91492436695,89.95017821953259,92.16796112060547,7812,0.0,0.0
2021-08-09 00:00:00+05:30,88.72357519444617,94.10076477805309,88.72357519444617,89.04571533203125,18544,0.0,0.0
2021-08-10 00:00:00+05:30,89.0457157124678,89.95017185087944,84.5977634183966,84.79600524902344,19624,0.0,0.0
2021-08-11 00:00:00+05:30,84.79601331445558,88.95899384560003,80.80648589418603,87.98019409179688,13456,0.0,0.0
2021-08-12 00:00:00+05:30,87.10051693405444,92.37858221842608,87.10051693405444,91.54846954345703,23012,0.0,0.0
2021-08-13 00:00:00+05:30,90.44576592028535,94.26183233983397,88.35188146521493,89.52891540527344,10436,0.0,0.0
2021-08-16 00:00:00+05:30,93.91491861671312,93.91491861671312,89.45457947396686,90.14840698242188,9228,0.0,0.0
2021-08-17 00:00:00+05:30,91.68475794060049,94.64593085030016,87.10052004357047,92.79984283447266,44708,0.0,0.0
2021-08-18 00:00:00+05:30,97.13627838748839,97.433637366597,91.93254918815866,96.35572052001953,58820,0.0,0.0
2021-08-20 00:00:00+05:30,91.68475637579557,96.3928925140121,91.54847124928746,94.59636688232422,9440,0.0,0.0
2021-08-23 00:00:00+05:30,89.95017523288406,97.86728045799494,89.95017523288406,91.73431396484375,9604,0.0,0.0
2021-08-24 00:00:00+05:30,91.28828020312515,96.3185565070452,91.28828020312515,95.8353500366211,16320,0.0,0.0
2021-08-25 00:00:00+05:30,92.30424291198672,96.31855126617454,92.30424291198672,95.25302124023438,1620,0.0,0.0
2021-08-26 00:00:00+05:30,94.41051483154297,96.14509121952408,92.67593844356186,94.41051483154297,6844,0.0,0.0
2021-08-27 00:00:00+05:30,91.73432084809767,99.13104463906534,91.73432084809767,98.96997833251953,68508,0.0,0.0
2021-08-30 00:00:00+05:30,100.60543301698603,102.8108215386716,98.12746668651839,102.19132995605469,49452,0.0,0.0
2021-08-31 00:00:00+05:30,105.28878630811397,106.55255063034635,100.60543152539678,103.98785400390625,20752,0.0,0.0
2021-09-01 00:00:00+05:30,104.07458340637318,107.54373618658562,101.1010238804768,102.15415954589844,12912,0.0,0.0
2021-09-02 00:00:00+05:30,99.11865322136552,103.08339935022015,97.13628015693821,101.88158416748047,19640,0.0,0.0
2021-09-03 00:00:00+05:30,101.59661335595972,101.59661335595972,97.13627423301514,99.77530670166016,13272,0.0,0.0
2021-09-06 00:00:00+05:30,99.77531127657387,101.9930941337003,97.90444975019459,99.34166717529297,10072,0.0,0.0
2021-09-07 00:00:00+05:30,100.35763989289732,101.59662310145161,97.50797851322245,98.17703247070312,11712,0.0,0.0
2021-09-08 00:00:00+05:30,97.13628169788291,101.99309729520769,97.13628169788291,98.2265853881836,14192,0.0,0.0
2021-09-09 00:00:00+05:30,101.21253353015418,101.21253353015418,97.63186930857013,100.0354995727539,4880,0.0,0.0
2021-09-13 00:00:00+05:30,101.59662083206004,101.8444174682358,97.4088591931204,100.19657135009766,23172,0.0,0.0
2021-09-14 00:00:00+05:30,97.63187019570522,101.59661619350037,97.63187019570522,100.32046508789062,22508,0.0,0.0
2021-09-15 00:00:00+05:30,100.35763549804688,105.32595492191614,98.49916076660156,104.69407653808594,54356,0.0,0.0
2021-09-16 00:00:00+05:30,109.77391003834549,109.77391003834549,103.3311974853049,103.80200958251953,10828,0.0,0.0
2021-09-17 00:00:00+05:30,103.57899387439596,108.53492659565893,99.46556820331706,102.36479187011719,35672,0.0,0.0
2021-09-20 00:00:00+05:30,99.4655679090686,104.04980566267531,97.92923330731392,99.99832916259766,6764,0.0,0.0
2021-09-21 00:00:00+05:30,99.86204528808594,102.22850016025,97.87967218063014,99.86204528808594,4188,0.0,0.0
2021-09-22 00:00:00+05:30,100.35763549804688,104.85514283571392,99.11865234375,101.59661865234375,5896,0.0,0.0
2021-09-23 00:00:00+05:30,101.59661685998903,104.38432890797652,99.46556435976355,102.26567077636719,11456,0.0,0.0
2021-09-24 00:00:00+05:30,103.5789945375442,103.5789945375442,99.0938738836553,101.21253967285156,8932,0.0,0.0
2021-09-27 00:00:00+05:30,100.35763042378011,104.32237631706525,97.48318813871785,102.87276458740234,14356,0.0,0.0
2021-09-28 00:00:00+05:30,102.83559601351052,104.0621922920267,100.35762984451027,103.40552520751953,14864,0.0,0.0
2021-09-29 00:00:00+05:30,103.0710082826701,103.40552767374133,99.11864912398988,102.51346588134766,4424,0.0,0.0
2021-09-30 00:00:00+05:30,104.32238476020635,104.32238476020635,97.63187552380356,100.48153686523438,5980,0.0,0.0
2021-10-01 00:00:00+05:30,101.59661332286973,101.59661332286973,97.87966405495986,99.15581512451172,5504,0.0,0.0
2021-10-04 00:00:00+05:30,99.18060517152081,102.83560561194538,98.13985625853859,99.32928466796875,21436,0.0,0.0
2021-10-05 00:00:00+05:30,101.84441865176144,102.83560520798298,99.36645226120764,100.67977142333984,7888,0.0,0.0
2021-10-06 00:00:00+05:30,102.07982639000792,102.07982639000792,97.63187378533264,99.2921142578125,7596,0.0,0.0
2021-10-07 00:00:00+05:30,101.1010328803365,101.84442282798604,98.8708630373879,99.23017120361328,5140,0.0,0.0
2021-10-08 00:00:00+05:30,101.10102567302249,101.33643549785766,98.87085598905875,99.62663269042969,14668,0.0,0.0
2021-10-11 00:00:00+05:30,100.35763642319759,100.35763642319759,97.48319396630008,97.85488891601562,3972,0.0,0.0
2021-10-12 00:00:00+05:30,100.3576392467269,101.31165782360176,97.48319670895788,98.4000473022461,24344,0.0,0.0
2021-10-13 00:00:00+05:30,100.3576357827944,101.28687315115361,97.48319334423931,98.0779037475586,48880,0.0,0.0
2021-10-14 00:00:00+05:30,99.11865512801758,100.35763831711779,97.48319580597463,98.73457336425781,70952,0.0,0.0
2021-10-18 00:00:00+05:30,99.86204473624399,101.11341472854903,96.61590727829277,96.98760223388672,42768,0.0,0.0
2021-10-19 00:00:00+05:30,99.61424626913829,99.61424626913829,93.07241668329715,93.62995910644531,52568,0.0,0.0
2021-10-20 00:00:00+05:30,96.1327023776799,96.1327023776799,88.95898715726756,89.19439697265625,44900,0.0,0.0
2021-10-21 00:00:00+05:30,91.33784144549993,93.6299603260775,91.18916195162642,91.63519287109375,29912,0.0,0.0
2021-10-22 00:00:00+05:30,92.66355064620898,93.17153070096747,89.95017458630636,90.40859985351562,22880,0.0,0.0
2021-10-25 00:00:00+05:30,90.4086019958352,90.4086019958352,86.7659885088497,88.07931518554688,22724,0.0,0.0
2021-10-26 00:00:00+05:30,89.70238158125207,92.47770690917969,89.45458494704972,92.47770690917969,21544,0.0,0.0
2021-10-27 00:00:00+05:30,95.57516566326221,97.09911346435547,95.57516566326221,97.09911346435547,31916,0.0,0.0
2021-10-28 00:00:00+05:30,99.36644764688245,99.36644764688245,92.42814207552907,93.36976623535156,29140,0.0,0.0
2021-10-29 00:00:00+05:30,94.9061050615597,94.9061050615597,88.71118958756755,89.52891540527344,29408,0.0,0.0
2021-11-01 00:00:00+05:30,92.55203882853044,94.00165058767293,90.9413607766283,91.75908660888672,33764,0.0,0.0
2021-11-02 00:00:00+05:30,92.18035006154336,96.04597915720004,88.27755298232479,90.76790618896484,31156,0.0,0.0
2021-11-03 00:00:00+05:30,92.67593683144052,94.07598623638333,88.0916993143773,90.94136047363281,23652,0.0,0.0
2021-11-04 00:00:00+05:30,92.67593965465487,94.224668592734,89.20678683335764,89.93778991699219,27840,0.0,0.0
2021-11-08 00:00:00+05:30,91.75909119509019,92.66355496531726,90.94136532196109,91.32544708251953,22524,0.0,0.0
2021-11-09 00:00:00+05:30,92.18034542296637,95.01761983248606,90.69356565807982,91.51129150390625,18476,0.0,0.0
2021-11-10 00:00:00+05:30,94.12555048666574,95.89729486120575,91.11482297438405,93.36976623535156,52144,0.0,0.0
2021-11-11 00:00:00+05:30,95.14152128537793,95.1539080922995,92.45292627606852,93.18392181396484,41344,0.0,0.0
2021-11-12 00:00:00+05:30,94.16272001663545,94.41051664825817,89.26873654208663,90.33425903320312,33888,0.0,0.0
2021-11-15 00:00:00+05:30,92.9237347069244,94.84415855753417,85.82436288774595,89.87583923339844,42672,0.0,0.0
2021-11-16 00:00:00+05:30,90.44576875228572,91.7962633927632,89.6404297154503,91.31305694580078,32432,0.0,0.0
2021-11-17 00:00:00+05:30,92.42814266583268,92.42814266583268,87.48459688980965,89.42980194091797,80680,0.0,0.0
2021-11-18 00:00:00+05:30,90.69356566639378,93.29543025518376,87.96780276385188,92.13078308105469,66728,0.0,0.0
2021-11-22 00:00:00+05:30,91.68475615665852,95.36453774726859,88.37666952344033,92.84940338134766,40488,0.0,0.0
2021-11-23 00:00:00+05:30,92.70071769166346,94.98044207404286,89.20678381321531,90.1236343383789,50764,0.0,0.0
2021-11-24 00:00:00+05:30,91.6351926609187,91.6351926609187,86.72882230941859,87.72000885009766,91920,0.0,0.0
2021-11-25 00:00:00+05:30,88.6988011640198,89.13244523929157,87.2244082832348,87.9182357788086,57872,0.0,0.0
2021-11-26 00:00:00+05:30,88.46339945356547,88.46339945356547,84.1269583038809,85.01902770996094,50652,0.0,0.0
2021-11-29 00:00:00+05:30,84.74645066395274,84.74645066395274,80.76931762695312,80.76931762695312,40536,0.0,0.0
2021-11-30 00:00:00+05:30,82.71451363955111,82.85080632593056,79.67900486441914,80.39762115478516,37824,0.0,0.0
2021-12-01 00:00:00+05:30,80.59584894366047,82.78885049652571,79.05950690742145,79.95157623291016,47416,0.0,0.0
2021-12-02 00:00:00+05:30,79.95157713365619,81.5127003613874,79.29491760963195,79.92679595947266,38560,0.0,0.0
2021-12-03 00:00:00+05:30,79.54271822601096,81.12861514550082,78.32851625150245,79.09668731689453,38876,0.0,0.0
2021-12-06 00:00:00+05:30,79.2949225054989,80.4719565114399,78.06832614813072,78.4524154663086,31776,0.0,0.0
2021-12-07 00:00:00+05:30,80.01353339330086,80.28611120921961,78.17983977317527,79.22058868408203,48040,0.0,0.0
2021-12-08 00:00:00+05:30,79.22058832571915,80.28611084603672,78.84889336809862,79.64183807373047,41780,0.0,0.0
2021-12-09 00:00:00+05:30,79.35686535463833,82.94991624501228,78.91083447586671,81.41357421875,35604,0.0,0.0
2021-12-10 00:00:00+05:30,81.2401269396767,83.742874423787,80.69497132692486,82.39237976074219,37924,0.0,0.0
2021-12-13 00:00:00+05:30,85.24204007556082,85.24204007556082,80.65780245521816,81.79766845703125,47292,0.0,0.0
2021-12-14 00:00:00+05:30,80.90559665521019,82.26847806900393,80.53390172417554,81.14100646972656,46352,0.0,0.0
2021-12-15 00:00:00+05:30,80.58346470038548,84.00305506765916,80.58346470038548,83.39595031738281,44904,0.0,0.0
2021-12-16 00:00:00+05:30,83.3959555289615,85.98543342200718,82.0206872123469,83.04904174804688,40572,0.0,0.0
2021-12-17 00:00:00+05:30,85.48983794229802,85.48983794229802,79.30730895610249,80.42239379882812,50740,0.0,0.0
2021-12-20 00:00:00+05:30,80.53390502929688,81.71093902587891,74.50005555544048,75.57797241210938,43012,0.0,0.0
2021-12-21 00:00:00+05:30,77.56034849860313,79.82768624739361,76.74262260958143,77.8700942993164,35940,0.0,0.0
2021-12-22 00:00:00+05:30,76.81695617005212,80.53390566215141,76.81695617005212,79.38165283203125,32584,0.0,0.0
2021-12-23 00:00:00+05:30,79.79051291789528,87.31114196777344,78.48958064206003,87.31114196777344,84076,0.0,0.0
2021-12-24 00:00:00+05:30,90.07407248984245,91.68475053986714,84.77122626834556,88.35188293457031,57048,0.0,0.0
2021-12-27 00:00:00+05:30,88.35188396452672,97.13627738000294,85.57656629096122,91.42456817626953,121876,0.0,0.0
2021-12-28 00:00:00+05:30,91.68475192141423,95.36453334204211,88.27754830271303,93.48127746582031,75308,0.0,0.0
2021-12-29 00:00:00+05:30,94.41052019150655,98.30093047885254,90.94136721859029,97.35929870605469,160548,0.0,0.0
2021-12-30 00:00:00+05:30,99.11865420706852,101.33643711981294,95.16629484570038,95.97163391113281,93292,0.0,0.0
2021-12-31 00:00:00+05:30,95.40170501336726,99.11865455934262,93.17153528578206,96.16987609863281,107264,0.0,0.0
2022-01-03 00:00:00+05:30,97.1486628392964,100.33285095127913,94.78220811896506,99.10626220703125,62376,0.0,0.0
2022-01-04 00:00:00+05:30,99.61424744252948,101.10102725510454,97.1362810882377,97.83010864257812,113032,0.0,0.0
2022-01-05 00:00:00+05:30,98.87085022078674,100.63020771458966,96.95042643830278,98.64783477783203,126900,0.0,0.0
2022-01-06 00:00:00+05:30,98.62305999119171,99.47796140039871,97.7929397577297,97.85488891601562,48076,0.0,0.0
2022-01-07 00:00:00+05:30,97.91683689181426,101.11341190833407,96.91326356456312,97.37168884277344,54144,0.0,0.0
2022-01-10 00:00:00+05:30,98.62306299993762,100.64260410923934,95.15391003009057,99.52751922607422,112084,0.0,0.0
2022-01-11 00:00:00+05:30,99.1186576297627,99.1186576297627,97.38408112124185,97.53276062011719,36052,0.0,0.0
2022-01-12 00:00:00+05:30,100.04788944996183,107.28355407714844,97.6938214629039,107.28355407714844,736536,0.0,0.0
2022-01-13 00:00:00+05:30,110.51729424443106,118.0007553100586,107.79153138190024,118.0007553100586,755404,0.0,0.0
2022-01-14 00:00:00+05:30,118.42201150831528,122.47348804248519,111.50848683686057,115.34933471679688,307160,0.0,0.0
2022-01-17 00:00:00+05:30,117.7033999686367,117.7033999686367,104.57017849845197,105.51180267333984,205528,0.0,0.0
2022-01-18 00:00:00+05:30,110.26950006296343,110.71553097094119,101.59661803553935,102.74887084960938,191228,0.0,0.0
2022-01-19 00:00:00+05:30,102.83560270353283,111.3721997359524,100.70455014712539,103.43031311035156,202092,0.0,0.0
2022-01-20 00:00:00+05:30,107.7915332390101,113.76343348950999,103.82678718883962,113.50324249267578,530192,0.0,0.0
2022-01-21 00:00:00+05:30,113.49085721710364,123.87353456361767,107.86587065768292,111.39697265625,285968,0.0,0.0
2022-01-24 00:00:00+05:30,117.70340304508387,117.70340304508387,104.07458795565312,106.05696105957031,76980,0.0,0.0
2022-01-25 00:00:00+05:30,104.99143551997841,109.27831420898438,104.08697176761926,106.86229705810547,44712,0.0,0.0
2022-01-27 00:00:00+05:30,106.80034946530152,107.84109835502187,102.93472045482287,104.13653564453125,60848,0.0,0.0
2022-01-28 00:00:00+05:30,105.31356839299073,109.27831449719744,104.07458523542613,105.51180267333984,75672,0.0,0.0
2022-01-31 00:00:00+05:30,105.12772064208984,113.9864501953125,103.57899169921875,108.72077178955078,298300,0.0,0.0
2022-02-01 00:00:00+05:30,113.96166398374761,113.96166398374761,106.55254656089717,109.88541412353516,113816,0.0,0.0
2022-02-02 00:00:00+05:30,109.88541501354068,112.15275259164214,107.79153053348881,109.55088806152344,50956,0.0,0.0
2022-02-03 00:00:00+05:30,109.55089754447683,111.21113051773602,106.15608050550318,108.57209777832031,48112,0.0,0.0
2022-02-04 00:00:00+05:30,109.97214362435426,110.00931916933904,105.0781600814926,105.88349914550781,45788,0.0,0.0
2022-02-07 00:00:00+05:30,105.71004271348247,111.0005022185114,103.61615818803786,105.87110900878906,77780,0.0,0.0
2022-02-08 00:00:00+05:30,107.44462002716269,108.79510712018751,103.71527621716167,107.08531188964844,43260,0.0,0.0
2022-02-09 00:00:00+05:30,106.4286507721636,108.73315636704896,104.44627776593006,104.85514068603516,36560,0.0,0.0
2022-02-10 00:00:00+05:30,104.66929385401177,106.80034636111898,103.90112279698846,105.87110900878906,41276,0.0,0.0
2022-02-11 00:00:00+05:30,106.40387616164305,108.03933550511445,103.08340268377893,104.3719482421875,36720,0.0,0.0
2022-02-14 00:00:00+05:30,102.3400156078064,105.36313773778946,100.61782587961747,101.50989532470703,62024,0.0,0.0
2022-02-15 00:00:00+05:30,103.97547066152134,104.04980662794871,98.13985530806856,101.52228546142578,52040,0.0,0.0
2022-02-16 00:00:00+05:30,102.34001494531365,105.48703537890505,100.95235221328548,102.04265594482422,43492,0.0,0.0
2022-02-17 00:00:00+05:30,103.55421299002118,106.00739818152515,101.69573821431314,101.94353485107422,64604,0.0,0.0
2022-02-18 00:00:00+05:30,102.9842822150078,106.00739660113133,99.6018596860761,101.26209259033203,55948,0.0,0.0
2022-02-21 00:00:00+05:30,104.63212957103562,106.00739787623769,100.95234801330035,102.6745376586914,46556,0.0,0.0
2022-02-22 00:00:00+05:30,99.11865008479421,101.37360088665386,91.98211030355017,94.32378387451172,64896,0.0,0.0
2022-02-23 00:00:00+05:30,94.90611319872023,100.23374096313925,84.89513044684725,88.2899398803711,79132,0.0,0.0
2022-02-24 00:00:00+05:30,88.28994285833276,88.28994285833276,83.78004839176823,85.42789459228516,57100,0.0,0.0
2022-02-25 00:00:00+05:30,90.40860510565584,98.62306216281657,86.9766201486146,97.6938247680664,61100,0.0,0.0
2022-02-28 00:00:00+05:30,95.40170610577267,99.10626888720881,87.02618272446486,98.51155090332031,41532,0.0,0.0
2022-03-02 00:00:00+05:30,98.37526620859785,101.311657908867,95.00523038776181,96.23182678222656,37160,0.0,0.0
2022-03-03 00:00:00+05:30,99.11865234375,102.98428129758686,95.15390625,98.49916076660156,62408,0.0,0.0
2022-03-04 00:00:00+05:30,101.01429633460106,102.84798991371473,92.58921077885697,98.67262268066406,53488,0.0,0.0
2022-03-07 00:00:00+05:30,94.90611435390602,98.870860645453,94.19989240829352,97.33451843261719,43748,0.0,0.0
2022-03-08 00:00:00+05:30,96.64068630849432,100.6054324134582,96.64068630849432,98.38764953613281,40620,0.0,0.0
2022-03-09 00:00:00+05:30,99.2425518984249,100.49392187502944,95.24063777250457,99.91160583496094,34520,0.0,0.0
2022-03-10 00:00:00+05:30,100.4071938018532,103.02144512718279,97.92922759314165,98.09029388427734,31008,0.0,0.0
2022-03-11 00:00:00+05:30,101.96831488790271,101.96831488790271,96.18226197174782,98.67262268066406,47296,0.0,0.0
2022-03-14 00:00:00+05:30,101.5966256778132,101.5966256778132,96.66547389515004,97.28496551513672,40116,0.0,0.0
2022-03-15 00:00:00+05:30,98.70979117977629,102.83560364490636,97.38407766854988,100.92756652832031,73056,0.0,0.0
2022-03-16 00:00:00+05:30,103.82678422283226,104.07458084388914,97.92922766653965,99.94876861572266,49104,0.0,0.0
2022-03-17 00:00:00+05:30,100.8532281225002,102.61258570291544,97.92923092169677,98.72217559814453,44444,0.0,0.0
2022-03-21 00:00:00+05:30,100.20895600710064,100.20895600710064,95.82296017818153,96.02119445800781,44532,0.0,0.0
2022-03-22 00:00:00+05:30,99.83725977786636,99.83725977786636,95.78578340294793,97.08671569824219,255776,0.0,0.0
2022-03-23 00:00:00+05:30,98.1274639834528,99.39122828960966,96.14509097368607,96.38050079345703,41828,0.0,0.0
2022-03-24 00:00:00+05:30,97.87966918945312,97.89205599613489,96.64068603515625,96.95043182373047,42180,0.0,0.0
2022-03-25 00:00:00+05:30,98.21420084177733,98.21420084177733,95.04239927808024,95.89730072021484,29048,0.0,0.0
2022-03-28 00:00:00+05:30,98.96997678481847,99.01953913782064,91.0776522659597,92.51487731933594,37376,0.0,0.0
2022-03-29 00:00:00+05:30,93.022857639859,95.69906590342892,91.99450309080325,93.64234924316406,51388,0.0,0.0
2022-03-30 00:00:00+05:30,93.59279231856496,94.65831482709771,91.46173973934626,92.87417602539062,43360,0.0,0.0
2022-03-31 00:00:00+05:30,91.72192426537475,99.75053384358544,90.44577308901519,97.6938247680664,60588,0.0,0.0
2022-04-01 00:00:00+05:30,98.87085729837418,98.87085729837418,94.29900636084372,95.1539077758789,36812,0.0,0.0
2022-04-04 00:00:00+05:30,94.16272061141032,98.821294290482,93.17153407865862,95.99641418457031,38424,0.0,0.0
2022-04-05 00:00:00+05:30,95.40170198193242,98.47437866320563,94.0016525431996,95.7362289428711,49332,0.0,0.0
2022-04-06 00:00:00+05:30,93.69191061425114,96.61590792634163,93.69191061425114,96.14509582519531,63020,0.0,0.0
2022-04-07 00:00:00+05:30,97.3716850281648,97.89205188137414,92.9856818214524,94.0635986328125,85192,0.0,0.0
2022-04-08 00:00:00+05:30,94.67069763026939,97.01237876320796,92.94851562246711,94.0140380859375,56660,0.0,0.0
2022-04-11 00:00:00+05:30,95.64950265928994,96.03358442489986,91.93255307408437,92.7378921508789,124604,0.0,0.0
2022-04-12 00:00:00+05:30,95.15390531719174,95.15390531719174,91.01569859754643,92.01927947998047,43760,0.0,0.0
2022-04-13 00:00:00+05:30,91.68475677020308,94.91849989629081,90.49533592345097,91.07765197753906,96784,0.0,0.0
2022-04-18 00:00:00+05:30,92.18034640936538,95.40170260109052,89.60326296841588,94.89372253417969,116460,0.0,0.0
2022-04-19 00:00:00+05:30,94.90610875290955,102.58780423943746,92.99807168784625,98.83368682861328,134172,0.0,0.0
2022-04-20 00:00:00+05:30,99.4160150391498,101.60900925444821,93.66712996361177,98.4000473022461,115492,0.0,0.0
2022-04-21 00:00:00+05:30,98.40004084936295,100.59304248300191,96.04597292264208,98.26374816894531,73108,0.0,0.0
2022-04-22 00:00:00+05:30,98.12746453472961,99.20538137727655,94.16271849292235,95.22824096679688,170324,0.0,0.0
2022-04-25 00:00:00+05:30,95.64950190617911,98.42482726614197,94.39813191387407,96.98760223388672,83772,0.0,0.0
2022-04-26 00:00:00+05:30,98.36287953934502,99.25494139603911,91.68475704839138,92.82462310791016,129716,0.0,0.0
2022-04-27 00:00:00+05:30,92.39097092203869,93.76623913285772,89.36784914487181,90.14840698242188,94156,0.0,0.0
2022-04-28 00:00:00+05:30,91.62280886871135,91.67237122223733,84.4986553731726,85.47745513916016,138404,0.0,0.0
2022-04-29 00:00:00+05:30,86.23323227320634,102.06743634197647,85.25443250271518,94.74504852294922,764776,0.0,0.0
2022-05-02 00:00:00+05:30,96.38050019069716,99.73814143012984,94.73264658691187,97.22300720214844,227768,0.0,0.0
2022-05-04 00:00:00+05:30,99.11865848951777,99.61425178196536,92.6883324951489,98.43721771240234,207860,0.0,0.0
2022-05-05 00:00:00+05:30,99.61425122858073,105.06577741521947,98.68501381040366,103.19491577148438,478168,0.0,0.0
2022-05-06 00:00:00+05:30,103.3311979349861,103.3311979349861,94.43530015277406,99.97355651855469,100812,0.0,0.0
2022-05-09 00:00:00+05:30,98.8708584989378,101.90636731250169,95.53799069510228,98.4248275756836,203224,0.0,0.0
2022-05-10 00:00:00+05:30,99.11865684465701,110.02170909756927,97.5451466548174,106.93663787841797,495824,0.0,0.0
2022-05-11 00:00:00+05:30,108.53492080578269,110.49251261382173,93.22109253886899,94.34856414794922,205644,0.0,0.0
2022-05-12 00:00:00+05:30,92.42814516160173,96.13270789200173,86.82793967959415,90.08646392822266,102396,0.0,0.0
2022-05-13 00:00:00+05:30,96.50439964460011,98.6230577857391,90.97853031177573,94.91849517822266,89916,0.0,0.0
2022-05-16 00:00:00+05:30,94.90610744189091,97.84249896264109,92.92373444049372,93.70429229736328,42492,0.0,0.0
2022-05-17 00:00:00+05:30,94.18750028963856,111.26068653240299,94.16271911428315,95.93446350097656,173616,0.0,0.0
2022-05-18 00:00:00+05:30,97.33450962678283,109.03051315357263,94.62114116627534,105.94544219970703,393352,0.0,0.0
2022-05-19 00:00:00+05:30,100.61781828967719,104.32238092210481,96.65307222137866,97.17344665527344,93524,0.0,0.0
2022-05-20 00:00:00+05:30,101.34882590272593,106.3047587097052,99.6142494202832,103.24446868896484,92556,0.0,0.0
2022-05-23 00:00:00+05:30,104.57017793741502,105.31356782796536,99.88682313937846,102.01787567138672,46608,0.0,0.0
2022-05-24 00:00:00+05:30,102.09221162042434,102.55063689862627,94.89372253952504,96.752197265625,44864,0.0,0.0
2022-05-25 00:00:00+05:30,97.87967377992797,99.09387581565336,89.99974357389893,91.67237091064453,99624,0.0,0.0
2022-05-26 00:00:00+05:30,93.15914270320263,105.31356394013872,90.19797005696587,92.71310424804688,361528,0.0,0.0
2022-05-27 00:00:00+05:30,94.16271689951874,96.30615617966933,91.73431301486596,92.37857818603516,51492,0.0,0.0
2022-05-30 00:00:00+05:30,94.22467042535425,98.41243204293936,92.7874529677249,93.2954330444336,79808,0.0,0.0
2022-05-31 00:00:00+05:30,92.92373323408653,105.06576771000717,92.92373323408653,102.31522369384766,173964,0.0,0.0
2022-06-01 00:00:00+05:30,100.3824182424303,103.29402870053323,97.13628081500832,97.63187408447266,57340,0.0,0.0
2022-06-02 00:00:00+05:30,97.76815795810552,101.59661894060669,97.4088573796318,98.0779037475586,47176,0.0,0.0
2022-06-03 00:00:00+05:30,99.27971955659189,99.6142465237665,96.90087036598176,97.85488891601562,30988,0.0,0.0
2022-06-06 00:00:00+05:30,97.78054988505092,99.60185659398114,95.41408757543653,97.11149597167969,51296,0.0,0.0
2022-06-07 00:00:00+05:30,97.63187631178722,97.83011059923409,92.92374014446753,95.61233520507812,42852,0.0,0.0
2022-06-08 00:00:00+05:30,95.40170533173463,97.38407842953691,94.16272214560821,94.50963592529297,46924,0.0,0.0
2022-06-09 00:00:00+05:30,95.37692108914736,97.87966855708831,95.15390563524534,96.553955078125,54324,0.0,0.0
2022-06-10 00:00:00+05:30,94.9061129530949,95.64950287178756,94.41051967396648,94.79460144042969,41780,0.0,0.0
2022-06-13 00:00:00+05:30,95.26541396934537,95.40169908603576,92.1803430130008,92.40335845947266,43524,0.0,0.0
2022-06-14 00:00:00+05:30,92.8865655045611,94.7450401742716,91.20154393339858,91.87059783935547,58984,0.0,0.0
2022-06-15 00:00:00+05:30,93.41933139824364,93.41933139824364,90.2227563190633,91.12721252441406,18796,0.0,0.0
2022-06-16 00:00:00+05:30,93.86535375183315,93.90252929341496,82.44193596996696,85.66329193115234,48880,0.0,0.0
2022-06-17 00:00:00+05:30,85.03140764668055,87.18724124034318,75.63991737088344,77.4488296508789,91068,0.0,0.0
2022-06-20 00:00:00+05:30,78.32851839812369,81.4011951817468,74.50005733503413,75.52841186523438,38336,0.0,0.0
2022-06-21 00:00:00+05:30,78.47719878536024,90.63162093275176,76.50721247569953,86.54297637939453,156360,0.0,0.0
2022-06-22 00:00:00+05:30,83.78004330328726,86.48102509615192,83.7552621275053,84.22607421875,8024,0.0,0.0
2022-06-23 00:00:00+05:30,86.70403805380033,87.93063437918406,83.74287290599216,84.18890380859375,26176,0.0,0.0
2022-06-24 00:00:00+05:30,88.90942748041869,93.04763421051447,84.80839629440366,85.71285247802734,26440,0.0,0.0
2022-06-27 00:00:00+05:30,86.97661652073803,90.87941341589935,85.70046539760794,86.13410949707031,54004,0.0,0.0
2022-06-28 00:00:00+05:30,86.1341075379463,96.33093704666067,86.09693955698265,91.87059783935547,95132,0.0,0.0
2022-06-29 00:00:00+05:30,90.44576752988918,93.28304189233177,90.14840855698459,91.75908660888672,24504,0.0,0.0
2022-06-30 00:00:00+05:30,92.67594281515878,92.68832962222463,88.73597777475246,89.44219970703125,39496,0.0,0.0
2022-07-01 00:00:00+05:30,89.75194736218187,98.62306418071108,89.528924333156,93.92731475830078,79520,0.0,0.0
2022-07-04 00:00:00+05:30,93.01046717536421,97.56992368397523,92.44053038544217,95.90968322753906,38328,0.0,0.0
2022-07-05 00:00:00+05:30,96.66546656330824,97.4708056082079,93.04763426455924,93.1467514038086,16092,0.0,0.0
2022-07-06 00:00:00+05:30,91.68475167368217,97.60708952611917,91.6599704986371,94.83177185058594,20860,0.0,0.0
2022-07-07 00:00:00+05:30,94.32378630054575,96.62829951158166,94.32378630054575,94.9804458618164,16464,0.0,0.0
2022-07-08 00:00:00+05:30,95.52559512819036,97.13627312646075,94.86893561055679,96.08313751220703,21292,0.0,0.0
2022-07-11 00:00:00+05:30,97.83010621040478,99.06908935674807,96.92565002600479,97.17344665527344,199108,0.0,0.0
2022-07-12 00:00:00+05:30,98.09029068801841,98.23897016812695,95.41408273252217,96.10791778564453,26180,0.0,0.0
2022-07-13 00:00:00+05:30,97.63186918315115,99.01953178041838,95.36453160160752,96.31855010986328,51008,0.0,0.0
2022-07-14 00:00:00+05:30,97.38407900889254,99.60186195011414,96.1450958153952,96.45484161376953,36460,0.0,0.0
2022-07-15 00:00:00+05:30,97.136279296875,97.91683717165142,95.6742806872353,96.02119445800781,44196,0.0,0.0
2022-07-18 00:00:00+05:30,97.53275569628975,98.99475431009077,96.15747985381392,97.76815795898438,62800,0.0,0.0
2022-07-19 00:00:00+05:30,98.36287437644573,98.85846763177554,96.16987270918072,96.77696990966797,24540,0.0,0.0
2022-07-20 00:00:00+05:30,96.64067912898862,98.3380874415052,92.66354651277202,94.13793182373047,33508,0.0,0.0
2022-07-21 00:00:00+05:30,95.64949951171876,95.64949951171876,92.688326748088,93.23348236083984,31812,0.0,0.0
2022-07-22 00:00:00+05:30,94.86894009352687,95.26541620888224,92.29185668694636,93.79102325439453,14204,0.0,0.0
2022-07-25 00:00:00+05:30,93.79102144097297,94.68309079273642,92.68832344804758,93.53083801269531,8108,0.0,0.0
2022-07-26 00:00:00+05:30,94.88132559500556,94.88132559500556,91.94493409505053,92.37857818603516,10192,0.0,0.0
2022-07-27 00:00:00+05:30,94.65831298828125,94.65831298828125,92.44053011722863,92.92373657226562,2908,0.0,0.0
2022-07-28 00:00:00+05:30,93.46888736107363,95.15390133909233,93.03524327945016,94.08837890625,11616,0.0,0.0
2022-07-29 00:00:00+05:30,95.64949621541348,97.879665816291,92.42814012525707,96.6282958984375,52836,0.0,0.0
2022-08-01 00:00:00+05:30,97.87967046300751,100.84084326516735,94.90611085400477,95.8849105834961,61440,0.0,0.0
2022-08-02 00:00:00+05:30,95.88490381911207,97.63186694129708,95.15390077527431,95.24063110351562,9212,0.0,0.0
2022-08-03 00:00:00+05:30,95.265415910111,95.99641141966927,90.94136176066249,92.97329711914062,36008,0.0,0.0
2022-08-04 00:00:00+05:30,93.14675356123912,93.91492464198149,90.91658384678574,92.67594146728516,16864,0.0,0.0
2022-08-05 00:00:00+05:30,92.68832950754967,97.79294176765488,91.35022917350253,93.15914916992188,15024,0.0,0.0
2022-08-08 00:00:00+05:30,94.88133056450008,97.52036322971193,92.44053218354561,96.16987609863281,26992,0.0,0.0
2022-08-10 00:00:00+05:30,92.67594289255666,97.87967230630984,91.48652205141725,95.8353500366211,138700,0.0,0.0
2022-08-11 00:00:00+05:30,96.39288912436255,97.30973968074083,95.15390597366381,95.82295989990234,10508,0.0,0.0
2022-08-12 00:00:00+05:30,95.8229623339927,97.26017980045017,95.27780670897603,95.55038452148438,6064,0.0,0.0
2022-08-16 00:00:00+05:30,95.64950412218141,100.97713194245836,95.64950412218141,100.7417221069336,350536,0.0,0.0
2022-08-17 00:00:00+05:30,101.84441555744543,105.06577176729162,101.05146331169898,103.34358215332031,228300,0.0,0.0
2022-08-18 00:00:00+05:30,103.57899657203812,104.0745898570718,102.1541658775663,103.21968841552734,102192,0.0,0.0
2022-08-19 00:00:00+05:30,104.0745887183531,104.27282300533626,101.10102904068587,101.8072509765625,75408,0.0,0.0
2022-08-22 00:00:00+05:30,102.09220911201926,102.89754814020874,100.17178527556744,101.05146026611328,29112,0.0,0.0
2022-08-23 00:00:00+05:30,101.59662017266052,103.26924745599091,101.1010269035256,101.96831512451172,40548,0.0,0.0
2022-08-24 00:00:00+05:30,102.8108184853242,104.04980161376183,102.37717439037102,102.99666595458984,15968,0.0,0.0
2022-08-25 00:00:00+05:30,102.58780517578126,105.31356811523438,102.42673887815327,103.76483917236328,55212,0.0,0.0
2022-08-26 00:00:00+05:30,103.81439936960477,104.94187099176256,102.82321286673098,103.61615753173828,39880,0.0,0.0
2022-08-29 00:00:00+05:30,100.35763405585094,107.70480254281783,99.20538125134398,106.18085479736328,68008,0.0,0.0
2022-08-30 00:00:00+05:30,108.0393301998593,117.40603974737122,106.05695716866921,114.01123046875,232904,0.0,0.0
2022-09-01 00:00:00+05:30,113.4660801455872,115.31216814173536,110.07127070883499,111.18635559082031,37200,0.0,0.0
2022-09-02 00:00:00+05:30,112.25187313837753,112.25187313837753,108.27474026065383,109.25353240966797,28688,0.0,0.0
2022-09-05 00:00:00+05:30,111.26069017592172,116.96001283526738,109.86064068725224,116.27857208251953,63520,0.0,0.0
2022-09-06 00:00:00+05:30,116.9476226737139,117.64145021356671,112.9828765896337,114.09796142578125,60956,0.0,0.0
2022-09-07 00:00:00+05:30,113.04482691772974,115.96882416015444,112.74746793348349,113.961669921875,75568,0.0,0.0
2022-09-08 00:00:00+05:30,114.7050601762189,114.82895849301372,112.75985509010951,113.23067474365234,35520,0.0,0.0
2022-09-09 00:00:00+05:30,115.15109833544773,115.15109833544773,108.78272184494828,109.31548309326172,50212,0.0,0.0
2022-09-12 00:00:00+05:30,111.26068540512381,111.3474157369125,104.22326271821025,108.46058654785156,75252,0.0,0.0
2022-09-13 00:00:00+05:30,109.10485293507035,113.49085630172304,109.10485293507035,112.04124450683594,26360,0.0,0.0
2022-09-14 00:00:00+05:30,111.50848363203983,123.58856935884414,111.2111246508265,121.84160614013672,145148,0.0,0.0
2022-09-15 00:00:00+05:30,123.27882751264698,128.80468952001087,122.21330499317787,123.79920196533203,272888,0.0,0.0
2022-09-16 00:00:00+05:30,124.64170442170841,127.29313137760793,117.57950049324182,124.85233306884766,68788,0.0,0.0
2022-09-19 00:00:00+05:30,123.40272061241564,125.83112453936505,119.63620884597069,121.04865264892578,48096,0.0,0.0
2022-09-20 00:00:00+05:30,123.46467159980895,126.12848538746162,118.89282072544151,125.33553314208984,52208,0.0,0.0
2022-09-21 00:00:00+05:30,126.37628868559491,126.37628868559491,120.92476250700062,122.37437438964844,30120,0.0,0.0
2022-09-22 00:00:00+05:30,123.40272126742678,126.12848418698842,122.67171818686496,123.61334991455078,30440,0.0,0.0
2022-09-23 00:00:00+05:30,125.60810904950976,125.63289022470657,117.70339813951799,118.26094055175781,41564,0.0,0.0
2022-09-26 00:00:00+05:30,116.46442127703827,117.44322103390876,107.9526051457432,111.6943359375,56952,0.0,0.0
2022-09-27 00:00:00+05:30,110.51729439310344,115.96882012549867,110.21993541920256,113.55280303955078,15764,0.0,0.0
2022-09-28 00:00:00+05:30,112.9828719003881,112.9828719003881,109.01812598086089,110.5049057006836,21608,0.0,0.0
2022-09-29 00:00:00+05:30,112.94570259314511,112.94570259314511,110.2695019745784,110.7527084350586,5828,0.0,0.0
2022-09-30 00:00:00+05:30,112.20231268167652,112.20231268167652,108.96856963769874,111.68194580078125,9640,0.0,0.0
2022-10-03 00:00:00+05:30,113.49085721789416,116.53875276023838,109.8482437102752,111.08722686767578,16628,0.0,0.0
2022-10-04 00:00:00+05:30,113.25545240882873,113.54042459737377,110.24472471544094,111.16157531738281,12448,0.0,0.0
2022-10-06 00:00:00+05:30,112.6111841051446,113.98645240825246,110.41818236703345,110.7279281616211,20172,0.0,0.0
2022-10-07 00:00:00+05:30,107.94021833855379,112.02886291530088,106.3171458026137,111.6943359375,23012,0.0,0.0
2022-10-10 00:00:00+05:30,108.17561318802758,111.12439906350491,108.17561318802758,110.4553451538086,7524,0.0,0.0
2022-10-11 00:00:00+05:30,109.52611111730688,112.66073699318834,109.27831448581976,109.8482437133789,8452,0.0,0.0
2022-10-12 00:00:00+05:30,109.03051730247701,110.29428162909542,108.20039707876619,110.0712661743164,12504,0.0,0.0
2022-10-13 00:00:00+05:30,110.13321436927255,111.42175229792957,109.0305163495129,110.71553039550781,8512,0.0,0.0
2022-10-14 00:00:00+05:30,116.15467165260246,116.15467165260246,110.29428279792045,111.79344940185547,10860,0.0,0.0
2022-10-17 00:00:00+05:30,112.22708935130308,118.91759819060714,108.55970234573087,114.9032974243164,30808,0.0,0.0
2022-10-18 00:00:00+05:30,116.14228390865028,116.960009765625,112.25187377929687,112.74746704101562,12560,0.0,0.0
2022-10-19 00:00:00+05:30,110.30666898417948,114.92807464856966,110.30666898417948,113.87493896484375,2872,0.0,0.0
2022-10-20 00:00:00+05:30,112.05363798214798,113.98644865181762,112.00407563178601,112.68551635742188,3756,0.0,0.0
2022-10-21 00:00:00+05:30,111.50848477663561,113.49085783933135,110.00931817283319,113.03243255615234,7664,0.0,0.0
2022-10-24 00:00:00+05:30,113.49085337384447,119.41319115319313,113.49085337384447,117.18302154541016,9784,0.0,0.0
2022-10-25 00:00:00+05:30,115.99360850423768,117.28214649281068,111.13679285585441,112.22709655761719,20704,0.0,0.0
2022-10-27 00:00:00+05:30,113.61475524902345,113.88733305539937,110.0217041015625,111.19873809814453,15740,0.0,0.0
2022-10-28 00:00:00+05:30,110.76509731082194,113.11916537447476,109.77391075770497,111.21112823486328,10080,0.0,0.0
2022-10-31 00:00:00+05:30,113.18111205829584,113.18111205829584,109.8978066729156,111.79344940185547,10720,0.0,0.0
2022-11-01 00:00:00+05:30,112.73507995482595,113.98644991270201,110.56685944018216,112.23948669433594,21728,0.0,0.0
2022-11-02 00:00:00+05:30,113.98644991955115,116.96000948266988,111.5084836169522,115.0271987915039,15120,0.0,0.0
2022-11-03 00:00:00+05:30,110.44296569867969,118.44679416218347,110.44296569867969,117.57950592041016,17644,0.0,0.0
2022-11-04 00:00:00+05:30,118.1989920578618,136.23858362799504,114.01123053931155,132.9057159423828,247556,0.0,0.0
2022-11-07 00:00:00+05:30,137.5271410693427,138.02273437049348,133.09157497432025,134.24383544921875,104268,0.0,0.0
2022-11-09 00:00:00+05:30,136.78373585317783,153.3365472395346,130.50209751181663,142.9167022705078,570168,0.0,0.0
2022-11-10 00:00:00+05:30,143.72205873680326,146.78234135156222,138.7661256769135,139.7696990966797,94240,0.0,0.0
2022-11-11 00:00:00+05:30,141.690120540713,145.7663784320552,134.7766031244272,137.0563201904297,62884,0.0,0.0
2022-11-14 00:00:00+05:30,136.04034353371898,143.2016718568919,129.1268118290046,141.33079528808594,49688,0.0,0.0
2022-11-15 00:00:00+05:30,142.73086804943986,146.69561438414652,137.52713848513739,146.06373596191406,62012,0.0,0.0
2022-11-16 00:00:00+05:30,145.70441661127285,161.00585832172538,143.74681720912014,155.76495361328125,240152,0.0,0.0
2022-11-17 00:00:00+05:30,156.6074643208254,157.5986508038686,151.15593866408778,156.59507751464844,98184,0.0,0.0
2022-11-18 00:00:00+05:30,156.60747098699628,157.3384740742177,152.64272488605965,153.52239990234375,40676,0.0,0.0
2022-11-21 00:00:00+05:30,156.08710062153347,156.08710062153347,146.4725794422567,148.5540771484375,26444,0.0,0.0
2022-11-22 00:00:00+05:30,149.17357560772012,150.63558181705326,140.00510003050144,140.5254669189453,107648,0.0,0.0
2022-11-23 00:00:00+05:30,142.48305188835167,145.3574865375947,138.82805186165047,140.19093322753906,62672,0.0,0.0
2022-11-24 00:00:00+05:30,140.19095286269277,152.39493771198593,140.1413905084941,147.69918823242188,74624,0.0,0.0
2022-11-25 00:00:00+05:30,152.3949264520162,152.8905197087707,150.9453222257316,152.33297729492188,133036,0.0,0.0
2022-11-28 00:00:00+05:30,152.64271726035375,156.8552597821492,146.21239197428133,146.90621948242188,42296,0.0,0.0
2022-11-29 00:00:00+05:30,150.57362352727984,151.63914597786265,144.4654307404198,146.85667419433594,62372,0.0,0.0
2022-11-30 00:00:00+05:30,149.285078044889,149.42136316221564,145.36989443962904,146.2371826171875,29848,0.0,0.0
2022-12-01 00:00:00+05:30,147.41421170691862,149.916951458403,145.70440902072886,148.6407928466797,26676,0.0,0.0
2022-12-02 00:00:00+05:30,150.87097484696582,150.87097484696582,141.92552239234334,142.9414825439453,125420,0.0,0.0
2022-12-05 00:00:00+05:30,143.10255528868316,146.20001319536462,139.9927105752362,143.3875274658203,55572,0.0,0.0
2022-12-06 00:00:00+05:30,146.8938391854635,146.8938391854635,143.2512257009333,145.18405151367188,28492,0.0,0.0
2022-12-07 00:00:00+05:30,146.69559296125593,146.94338957098776,143.13971766132576,146.43540954589844,21764,0.0,0.0
2022-12-08 00:00:00+05:30,146.5469376638894,146.5469376638894,142.2228833088502,142.89193725585938,45916,0.0,0.0
2022-12-09 00:00:00+05:30,144.9610357402446,146.93102207131952,142.54501847790718,144.36631774902344,27268,0.0,0.0
2022-12-12 00:00:00+05:30,145.95221811490467,145.95221811490467,142.97865849286924,143.44947814941406,12828,0.0,0.0
2022-12-13 00:00:00+05:30,145.2088139044747,145.2088139044747,142.48305118613132,143.62290954589844,11428,0.0,0.0
2022-12-14 00:00:00+05:30,143.47425053889145,146.05134157238675,140.63697606554953,140.7980499267578,45348,0.0,0.0
2022-12-15 00:00:00+05:30,142.9167074171838,142.9167074171838,139.28648071091737,139.78207397460938,13704,0.0,0.0
2022-12-16 00:00:00+05:30,140.00510135414234,140.00510135414234,136.22620260077832,138.22096252441406,29636,0.0,0.0
2022-12-19 00:00:00+05:30,136.31291778169927,140.9838932518877,134.09515008057812,134.81375122070312,34144,0.0,0.0
2022-12-20 00:00:00+05:30,136.75896477777775,136.75896477777775,132.32339909545493,133.8597412109375,15844,0.0,0.0
2022-12-21 00:00:00+05:30,137.9731616205803,139.9431478690968,130.83662164653938,131.7286834716797,52776,0.0,0.0
2022-12-22 00:00:00+05:30,136.04035101448616,137.5023571935082,123.66290621699545,126.15326690673828,51632,0.0,0.0
2022-12-23 00:00:00+05:30,120.94953914671243,131.08442001338878,119.94595823691726,123.11775970458984,34916,0.0,0.0
2022-12-26 00:00:00+05:30,127.36746734374483,128.42060301730692,118.19899206802779,125.16207885742188,24320,0.0,0.0
2022-12-27 00:00:00+05:30,131.08441317064637,133.56237939315386,126.88425739863507,131.76585388183594,18676,0.0,0.0
2022-12-28 00:00:00+05:30,132.81900340055415,136.5359531225846,131.84020361555804,135.30935668945312,14436,0.0,0.0
2022-12-29 00:00:00+05:30,141.40515868286346,141.40515868286346,136.3005388236607,138.72894287109375,20336,0.0,0.0
2022-12-30 00:00:00+05:30,140.99627802967217,148.67797331775623,140.99627802967217,146.85667419433594,40300,0.0,0.0
2023-01-02 00:00:00+05:30,147.46377548838004,149.29747668745907,143.85833737497993,144.4778289794922,35024,0.0,0.0
2023-01-03 00:00:00+05:30,144.46542903710542,144.7008388502774,141.9874628443592,142.45828247070312,11284,0.0,0.0
2023-01-04 00:00:00+05:30,144.2176420505932,144.40348952746254,138.0227261549492,138.3820343017578,21140,0.0,0.0
2023-01-05 00:00:00+05:30,148.13282928200022,153.58435539566858,146.69561178598536,148.1947784423828,216936,0.0,0.0
2023-01-06 00:00:00+05:30,148.92577856730702,148.92577856730702,143.85833432497247,144.97341918945312,31360,0.0,0.0
2023-01-09 00:00:00+05:30,147.1044885422017,148.6779912330283,145.59291989008148,145.96461486816406,19224,0.0,0.0
2023-01-10 00:00:00+05:30,147.42661467307383,147.43900148026967,144.9858086832282,147.0673065185547,9876,0.0,0.0
2023-01-11 00:00:00+05:30,147.06729374259857,147.78590998920956,144.81235055380742,146.7947235107422,15184,0.0,0.0
2023-01-12 00:00:00+05:30,144.49021400053903,146.68322332798664,142.94148500840365,143.90789794921875,10128,0.0,0.0
2023-01-13 00:00:00+05:30,145.90265038039666,146.20000935649136,142.04941587052318,142.24765014648438,18452,0.0,0.0
2023-01-16 00:00:00+05:30,141.24408358185727,144.1433072697146,140.00510039254272,142.27244567871094,17344,0.0,0.0
2023-01-17 00:00:00+05:30,143.22645981322913,147.42661594160992,140.2900756401374,141.15736389160156,18124,0.0,0.0
2023-01-18 00:00:00+05:30,141.15736594440273,142.35917363204356,139.17499276936994,141.61578369140625,26976,0.0,0.0
2023-01-19 00:00:00+05:30,144.21764535413374,144.21764535413374,141.6157806183633,142.1113739013672,5628,0.0,0.0
2023-01-20 00:00:00+05:30,143.20168111866406,143.22645473239004,141.15735888416194,142.32199096679688,8596,0.0,0.0
2023-01-23 00:00:00+05:30,143.7220534382219,152.394935973287,143.4742567943629,150.7346954345703,133192,0.0,0.0
2023-01-24 00:00:00+05:30,153.58433957002882,153.58433957002882,149.19833644202234,152.64271545410156,47364,0.0,0.0
2023-01-25 00:00:00+05:30,151.19312367207743,153.4356802054925,149.19834865062958,152.40731811523438,21920,0.0,0.0
2023-01-27 00:00:00+05:30,154.36492345576602,155.97560165273347,134.80137525389213,143.69728088378906,204016,0.0,0.0
2023-01-30 00:00:00+05:30,144.96103654211504,146.6956130477472,140.37679863437296,142.2848358154297,39756,0.0,0.0
2023-01-31 00:00:00+05:30,144.41588474893518,149.91697340965507,141.5290628479452,148.77711486816406,40164,0.0,0.0
2023-02-01 00:00:00+05:30,150.16475801395893,150.412554644345,144.91146642491302,145.69203186035156,31348,0.0,0.0
2023-02-02 00:00:00+05:30,147.43899440224317,149.64439045226803,144.84951660174593,149.0124969482422,19660,0.0,0.0
2023-02-03 00:00:00+05:30,150.49928455478934,170.9796830774896,149.66917185333872,167.57247924804688,671096,0.0,0.0
2023-02-06 00:00:00+05:30,171.2274850658945,175.10550868621254,163.69446085987175,166.29632568359375,302404,0.0,0.0
2023-02-07 00:00:00+05:30,165.28034361694267,173.20983536468205,161.06780112595612,170.09999084472656,91384,0.0,0.0
2023-02-08 00:00:00+05:30,170.18672821703578,172.02042939079746,168.13001914331272,169.0840301513672,68804,0.0,0.0
2023-02-09 00:00:00+05:30,166.45738990719676,177.17459439322022,161.3775588791394,162.43069458007812,121548,0.0,0.0
2023-02-10 00:00:00+05:30,162.80238805896724,162.80238805896724,156.24816408409126,156.79331970214844,85116,0.0,0.0
2023-02-13 00:00:00+05:30,158.09425324899476,164.4874034119455,153.63391381563756,158.82525634765625,113148,0.0,0.0
2023-02-14 00:00:00+05:30,161.0306339340701,161.15453224905337,153.77019570091002,154.47642517089844,55532,0.0,0.0
2023-02-15 00:00:00+05:30,155.12069707062702,155.12069707062702,153.77020235401662,153.8817138671875,19976,0.0,0.0
2023-02-16 00:00:00+05:30,155.41805647709103,160.32442695088108,154.1418977244363,157.37564086914062,53000,0.0,0.0
2023-02-17 00:00:00+05:30,160.547446344557,160.57221995840825,154.40207767880244,154.99679565429688,22976,0.0,0.0
2023-02-20 00:00:00+05:30,155.15787964920202,159.1969620506306,154.04279471556364,155.0339813232422,26612,0.0,0.0
2023-02-21 00:00:00+05:30,155.3684900364891,159.7668803046672,155.1826425603689,155.8393096923828,34888,0.0,0.0
2023-02-22 00:00:00+05:30,158.5650701366365,158.5650701366365,153.77019625492395,154.25340270996094,22208,0.0,0.0
2023-02-23 00:00:00+05:30,153.8817047290176,155.92602689329198,153.77019322246875,154.74899291992188,22456,0.0,0.0
2023-02-24 00:00:00+05:30,154.89765452516187,155.34370052163783,140.27765456688616,141.3679656982422,201412,0.0,0.0
2023-02-27 00:00:00+05:30,139.1501905113579,141.1325634937989,128.27192784479618,132.27383422851562,144236,0.0,0.0
2023-02-28 00:00:00+05:30,133.872137437076,136.21381875676454,133.09157195574417,134.11993408203125,29780,0.0,0.0
2023-03-01 00:00:00+05:30,135.45804039192953,139.24932598946964,133.8225734802311,135.9164581298828,48900,0.0,0.0
2023-03-02 00:00:00+05:30,137.52712337441218,139.93075360059183,135.35890296085165,135.6438751220703,27420,0.0,0.0
2023-03-03 00:00:00+05:30,136.78374079133698,139.93076104092646,136.1394755982017,136.6846160888672,37616,0.0,0.0
2023-03-06 00:00:00+05:30,137.77491946961666,142.40871924642346,137.77491946961666,138.96434020996094,45792,0.0,0.0
2023-03-08 00:00:00+05:30,136.53594156600715,141.0954055555018,136.53594156600715,139.5466766357422,23512,0.0,0.0
2023-03-09 00:00:00+05:30,145.82832425851709,145.82832425851709,138.10945278712435,138.7908935546875,22888,0.0,0.0
2023-03-10 00:00:00+05:30,136.6722296912709,141.83879855577638,135.7925546703661,137.19261169433594,18140,0.0,0.0
2023-03-13 00:00:00+05:30,136.80850924634913,142.40872198999824,135.48280336556243,136.102294921875,22560,0.0,0.0
2023-03-14 00:00:00+05:30,137.52712193583503,138.76610501633803,132.58357641976693,137.44039916992188,23492,0.0,0.0
2023-03-15 00:00:00+05:30,140.00509232981025,140.00509232981025,136.0651199649659,137.11825561523438,14100,0.0,0.0
2023-03-16 00:00:00+05:30,134.42966670038155,137.663409574949,133.82256195493807,134.57833862304688,8996,0.0,0.0
2023-03-17 00:00:00+05:30,140.99628554555466,140.99628554555466,135.21024015856594,136.0155792236328,9028,0.0,0.0
2023-03-20 00:00:00+05:30,146.20001087907914,146.20001087907914,129.5852499557331,137.35366821289062,17916,0.0,0.0
2023-03-21 00:00:00+05:30,140.7360937206799,140.7360937206799,134.0951473122318,134.57833862304688,16216,0.0,0.0
2023-03-22 00:00:00+05:30,139.50951133069952,139.50951133069952,133.07918535906788,135.24740600585938,10584,0.0,0.0
2023-03-23 00:00:00+05:30,134.52880623730863,139.11304422491287,134.52880623730863,136.54833984375,13996,0.0,0.0
2023-03-24 00:00:00+05:30,136.05273588999134,136.64745384827515,134.429670997737,134.87570190429688,8504,0.0,0.0
2023-03-27 00:00:00+05:30,134.60312037043252,137.18019601675167,133.8349418117347,134.0455780029297,8520,0.0,0.0
2023-03-28 00:00:00+05:30,133.31457640612214,135.02437906774415,131.65433609144515,132.86854553222656,10728,0.0,0.0
2023-03-29 00:00:00+05:30,140.84762437607966,140.84762437607966,133.8101933431256,134.70225524902344,12284,0.0,0.0
2023-03-31 00:00:00+05:30,137.40324040403974,141.97509155415727,136.54833894925238,137.5023651123047,12636,0.0,0.0
2023-04-03 00:00:00+05:30,138.7661148341663,139.7077390171083,135.29696196331213,136.35009765625,22360,0.0,0.0
2023-04-05 00:00:00+05:30,140.00509462401445,142.11136595906598,137.78731178165782,139.43516540527344,28004,0.0,0.0
2023-04-06 00:00:00+05:30,140.72372365685285,142.97866712328576,139.43517805133095,140.9467315673828,23992,0.0,0.0
2023-04-10 00:00:00+05:30,143.72203865103484,146.5964733743334,142.26003255296598,145.77874755859375,37016,0.0,0.0
2023-04-11 00:00:00+05:30,148.67797502595764,154.87289065203922,146.21239558191604,153.7330322265625,174168,0.0,0.0
2023-04-12 00:00:00+05:30,158.58985741385854,158.58985741385854,153.24984258361275,156.1614532470703,106280,0.0,0.0
2023-04-13 00:00:00+05:30,157.3508526467199,158.4659374292557,155.64104993044285,156.5331268310547,20480,0.0,0.0
2023-04-17 00:00:00+05:30,156.60747479115108,157.32609108912422,152.15952212625632,154.04278564453125,33956,0.0,0.0
2023-04-18 00:00:00+05:30,156.11187301052894,156.81808733871145,149.91695741487302,151.4780731201172,20828,0.0,0.0
2023-04-19 00:00:00+05:30,152.0356061896212,152.81617155647393,149.6691516022284,149.8673858642578,17060,0.0,0.0
2023-04-20 00:00:00+05:30,149.42136090528734,151.62675685891836,145.2335920043225,146.3982391357422,49836,0.0,0.0
2023-04-21 00:00:00+05:30,146.63365972294656,146.63365972294656,141.93791043403823,143.1149444580078,30644,0.0,0.0
2023-04-24 00:00:00+05:30,145.17164715697012,153.11354111230702,142.29721234777355,148.5540771484375,58640,0.0,0.0
2023-04-25 00:00:00+05:30,150.6355887187324,150.6355887187324,144.24242308604033,145.50619506835938,42884,0.0,0.0
2023-04-26 00:00:00+05:30,143.7220458984375,151.15594482421875,143.7220458984375,149.91696166992188,35072,0.0,0.0
2023-04-27 00:00:00+05:30,151.1559500671402,153.63391646168347,147.4390004753253,148.0213165283203,79840,0.0,0.0
2023-04-28 00:00:00+05:30,149.39659451069275,149.6691647543972,145.3203369159477,146.3115234375,41948,0.0,0.0
2023-05-02 00:00:00+05:30,149.17357205910992,149.17357205910992,146.21239928988595,147.32748413085938,11876,0.0,0.0
2023-05-03 00:00:00+05:30,147.68678157708163,148.6779680306191,145.49378759835201,147.51332092285156,13856,0.0,0.0
2023-05-04 00:00:00+05:30,148.6655938110015,149.1735738865846,145.70442100550122,147.27792358398438,20984,0.0,0.0
2023-05-05 00:00:00+05:30,146.20000819173748,147.93458456011405,144.7256152537563,146.41062927246094,13644,0.0,0.0
2023-05-08 00:00:00+05:30,146.20000456143842,148.2691002711875,145.53095066824537,145.8902587890625,24684,0.0,0.0
2023-05-09 00:00:00+05:30,145.82832163290712,146.2000165903402,142.75563726840448,143.39991760253906,47888,0.0,0.0
2023-05-10 00:00:00+05:30,142.48306328508227,147.16642567582744,142.48306328508227,146.5964813232422,18140,0.0,0.0
2023-05-11 00:00:00+05:30,147.9345868285078,149.66916322348192,147.19119694494745,148.7275390625,29424,0.0,0.0
2023-05-12 00:00:00+05:30,149.421363184345,150.1647530509338,146.22478070829104,146.85667419433594,34784,0.0,0.0
2023-05-15 00:00:00+05:30,149.28508945566057,149.28508945566057,146.21240505629575,147.68679809570312,30280,0.0,0.0
2023-05-16 00:00:00+05:30,145.08492791436746,148.16999900504229,145.08492791436746,147.83546447753906,16744,0.0,0.0
2023-05-17 00:00:00+05:30,145.45661719163368,159.23410333246485,145.45661719163368,157.49952697753906,213676,0.0,0.0
2023-05-18 00:00:00+05:30,160.0642471153627,167.26273668409067,157.61105426093988,164.5989227294922,147872,0.0,0.0
2023-05-19 00:00:00+05:30,170.99206719837883,184.58372188088208,168.76189745414413,172.18148803710938,625944,0.0,0.0
2023-05-22 00:00:00+05:30,174.684236126272,177.1374136715962,171.22747013699535,172.88771057128906,83620,0.0,0.0
2023-05-23 00:00:00+05:30,171.00445290394944,177.42239184296358,168.88579468543455,172.00804138183594,131672,0.0,0.0
2023-05-24 00:00:00+05:30,171.4752731740453,173.20984963678853,167.01493369841984,169.92654418945312,63452,0.0,0.0
2023-05-25 00:00:00+05:30,172.04519778080285,172.04519778080285,166.02374267578125,167.26272583007812,61824,0.0,0.0
2023-05-26 00:00:00+05:30,166.12286255287918,169.08402010619827,166.12286255287918,167.18838500976562,25780,0.0,0.0
2023-05-29 00:00:00+05:30,173.45763152827783,200.6161346435547,167.78308296141637,200.6161346435547,587716,0.0,0.0
2023-05-30 00:00:00+05:30,215.84324897069163,220.04340482412135,195.7469485663191,198.73289489746094,1276632,0.0,0.0
2023-05-31 00:00:00+05:30,196.9363825236205,210.26783892596364,192.71145277461875,201.8799285888672,469076,0.0,0.0
2023-06-01 00:00:00+05:30,204.43222073490568,210.36695307685903,203.68883084132423,206.17918395996094,202328,0.0,0.0
2023-06-02 00:00:00+05:30,207.90138365436218,211.77940717034326,206.6871740529036,208.6943359375,94852,0.0,0.0
2023-06-05 00:00:00+05:30,210.52800809886222,212.84491563423816,202.22682110030104,204.41983032226562,120676,0.0,0.0
2023-06-06 00:00:00+05:30,203.19323983412684,207.1455991703958,198.2373071552457,200.4427032470703,80340,0.0,0.0
2023-06-07 00:00:00+05:30,203.19323603273452,203.67644248474673,198.7328967051867,199.30282592773438,53328,0.0,0.0
2023-06-08 00:00:00+05:30,201.44626997451286,201.44626997451286,196.7505208906125,197.2089385986328,44108,0.0,0.0
2023-06-09 00:00:00+05:30,197.20893017505733,198.7328854083974,195.01593618006078,197.85321044921875,33792,0.0,0.0
2023-06-12 00:00:00+05:30,200.2196741913936,208.16155304504008,195.16461696159155,203.91184997558594,94584,0.0,0.0
2023-06-13 00:00:00+05:30,209.64833175729973,209.64833175729973,200.71526644235013,201.76840209960938,36988,0.0,0.0
2023-06-14 00:00:00+05:30,203.19324400479894,203.68883728285945,199.22849778031508,201.97903442382812,33420,0.0,0.0
2023-06-15 00:00:00+05:30,205.41102269387446,205.41102269387446,201.8427451160335,203.5401611328125,36740,0.0,0.0
2023-06-16 00:00:00+05:30,205.6711989470995,205.6711989470995,200.71526644235013,201.76840209960938,35372,0.0,0.0
2023-06-19 00:00:00+05:30,200.2320770636633,207.9013862932643,200.2320770636633,204.08531188964844,62040,0.0,0.0
2023-06-20 00:00:00+05:30,204.17203604009325,204.18442284671548,200.71527003135864,201.66928100585938,25812,0.0,0.0
2023-06-21 00:00:00+05:30,198.8196207202971,203.14367495365443,198.80723391361536,202.57374572753906,24396,0.0,0.0
2023-06-22 00:00:00+05:30,207.1579868036249,207.40578343855748,201.95425747004103,202.5861358642578,9828,0.0,0.0
2023-06-23 00:00:00+05:30,203.44103022276647,203.44103022276647,193.8760864958764,197.71693420410156,13520,0.0,0.0
2023-06-26 00:00:00+05:30,200.71527099609375,202.69764404296876,194.27255859375,198.2373046875,24080,0.0,0.0
2023-06-27 00:00:00+05:30,200.71527709208345,201.7064636456246,196.25493760114827,200.96307373046875,21056,0.0,0.0
2023-06-28 00:00:00+05:30,203.44103491967118,203.44103491967118,196.9983224861615,200.38075256347656,20160,0.0,0.0
2023-06-30 00:00:00+05:30,203.91185665394073,203.91185665394073,198.70812732754797,202.69764709472656,20396,0.0,0.0
2023-07-03 00:00:00+05:30,203.67644934097245,203.6888361479936,201.4462796021258,202.42507934570312,19464,0.0,0.0
2023-07-04 00:00:00+05:30,202.42507645344705,211.8661221632813,202.42507645344705,211.48204040527344,59652,0.0,0.0
2023-07-05 00:00:00+05:30,212.36172492336027,221.00983389003204,211.86613163299072,215.9671630859375,60608,0.0,0.0
2023-07-06 00:00:00+05:30,216.82206090999816,218.06104411519814,213.60070457647817,216.0662841796875,30252,0.0,0.0
2023-07-07 00:00:00+05:30,217.0698480761906,219.27524413490627,211.11034214416551,217.04507446289062,27276,0.0,0.0
2023-07-10 00:00:00+05:30,222.76917805659926,227.8861846923828,221.39390973750716,227.8861846923828,70732,0.0,0.0
2023-07-11 00:00:00+05:30,235.4068088713363,239.27243041992188,235.4068088713363,239.27243041992188,63792,0.0,0.0
2023-07-12 00:00:00+05:30,251.22857666015625,251.22857666015625,251.22857666015625,251.22857666015625,29248,1.25,2.0
2023-07-13 00:00:00+05:30,263.7825411677968,263.7825411677968,238.6746309414397,243.28273010253906,177348,0.0,0.0
2023-07-14 00:00:00+05:30,243.28273010253906,243.28273010253906,243.28273010253906,243.28273010253906,0,0.0,0.0
2023-07-17 00:00:00+05:30,238.425537109375,238.425537109375,238.425537109375,238.425537109375,16056,0.0,0.0
2023-07-18 00:00:00+05:30,238.425537109375,238.425537109375,238.425537109375,238.425537109375,0,0.0,0.0
2023-07-19 00:00:00+05:30,238.425537109375,238.425537109375,238.425537109375,238.425537109375,0,0.0,0.0
2023-07-20 00:00:00+05:30,238.425537109375,238.425537109375,238.425537109375,238.425537109375,0,0.0,0.0
2023-07-21 00:00:00+05:30,238.425537109375,238.425537109375,238.425537109375,238.425537109375,0,0.0,0.0
2023-07-24 00:00:00+05:30,233.66798400878906,236.70684162683668,233.66798400878906,233.66798400878906,20362,0.0,2.0
2023-07-25 00:00:00+05:30,229.0100860595703,229.0100860595703,229.0100860595703,229.0100860595703,2166,0.0,0.0
2023-07-26 00:00:00+05:30,224.4268798828125,224.4268798828125,224.4268798828125,224.4268798828125,6314,0.0,0.0
2023-07-27 00:00:00+05:30,219.94332885742188,219.94332885742188,219.94332885742188,219.94332885742188,1304,0.0,0.0
2023-07-28 00:00:00+05:30,217.30300903320312,217.30300903320312,215.55940401180933,217.30300903320312,8598,0.0,0.0
2023-07-31 00:00:00+05:30,215.21067810058594,219.19606102837457,214.71250523461237,215.21067810058594,9384,0.0,0.0
2023-08-01 00:00:00+05:30,214.21434020996094,214.21434020996094,214.21434020996094,214.21434020996094,16290,0.0,0.0
2023-08-02 00:00:00+05:30,209.9300537109375,210.77695370880267,209.9300537109375,209.9300537109375,7676,0.0,0.0
2023-08-03 00:00:00+05:30,205.74539184570312,205.99447827650906,205.74539184570312,205.74539184570312,24354,0.0,0.0
2023-08-04 00:00:00+05:30,209.23260498046875,209.78059817697587,202.75635768345424,209.23260498046875,18292,0.0,0.0
2023-08-07 00:00:00+05:30,213.41725158691406,213.41725158691406,209.20770001404782,213.41725158691406,6586,0.0,0.0
2023-08-08 00:00:00+05:30,217.67665100097656,217.67665100097656,217.67665100097656,217.67665100097656,15436,0.0,0.0
2023-08-09 00:00:00+05:30,222.0107421875,222.0107421875,222.0107421875,222.0107421875,5836,0.0,0.0
2023-08-10 00:00:00+05:30,226.44447326660156,226.44447326660156,226.44447326660156,226.44447326660156,3426,0.0,0.0
2023-08-11 00:00:00+05:30,230.9529571533203,230.9529571533203,230.9529571533203,230.9529571533203,7308,0.0,0.0
2023-08-14 00:00:00+05:30,227.16683959960938,230.57932696314813,226.34485736534842,227.16683959960938,10922,0.0,0.0
2023-08-16 00:00:00+05:30,227.66500854492188,229.15952720057783,225.6723170040473,227.66500854492188,5672,0.0,0.0
2023-08-17 00:00:00+05:30,231.650390625,231.650390625,227.66500756048387,231.650390625,21262,0.0,0.0
2023-08-18 00:00:00+05:30,231.650390625,232.1485635080645,231.650390625,231.650390625,3488,0.0,0.0
2023-08-21 00:00:00+05:30,224.17779439503278,233.369090046441,222.18510288929915,230.10604858398438,16370,0.0,0.0
2023-08-22 00:00:00+05:30,230.1060467570188,231.15221282982867,222.23492145307696,226.46939086914062,14416,0.0,0.0
2023-08-23 00:00:00+05:30,228.16318315521414,231.6503933781104,224.17780004333267,225.5228729248047,16056,0.0,0.0
2023-08-24 00:00:00+05:30,226.6686551864833,236.78155833666847,225.5228636700491,236.38302612304688,13528,0.0,0.0
2023-08-25 00:00:00+05:30,247.39264815744434,248.18972778320312,239.62114841159746,248.18972778320312,38214,0.0,0.0
2023-08-28 00:00:00+05:30,259.99642466372126,260.5942077636719,259.3737085962244,260.5942077636719,17632,0.0,0.0
2023-08-29 00:00:00+05:30,272.0023980676775,273.6214599609375,266.52249627510525,273.6214599609375,47774,0.0,0.0
2023-08-30 00:00:00+05:30,283.3856199615418,287.2962951660156,281.46766660813984,287.2962951660156,54570,0.0,0.0
2023-08-31 00:00:00+05:30,281.56732177734375,287.2963099771058,281.56732177734375,281.56732177734375,17284,0.0,0.0
2023-09-01 00:00:00+05:30,275.9379577636719,281.4676643161319,275.9379577636719,275.9379577636719,5912,0.0,0.0
2023-09-04 00:00:00+05:30,270.4331359863281,274.99143000480996,270.4331359863281,270.4331359863281,4946,0.0,0.0
2023-09-05 00:00:00+05:30,265.0279846191406,269.0133678464961,265.0279846191406,265.0279846191406,3556,0.0,0.0
2023-09-06 00:00:00+05:30,259.7473449707031,262.9854686056357,259.7473449707031,259.7473449707031,3376,0.0,0.0
2023-09-07 00:00:00+05:30,254.56634521484375,254.59124777797763,254.56634521484375,254.56634521484375,10998,0.0,0.0
2023-09-08 00:00:00+05:30,250.58096313476562,254.56634624625295,250.08279024582973,250.58096313476562,14964,0.0,0.0
2023-09-11 00:00:00+05:30,255.58758544921875,255.58758544921875,249.08643556225567,255.58758544921875,14574,0.0,0.0
2023-09-12 00:00:00+05:30,257.5553894042969,257.5553894042969,255.58760036728788,257.5553894042969,7666,0.0,0.0
2023-09-13 00:00:00+05:30,258.0535583496094,258.0535583496094,257.5553854570426,258.0535583496094,4178,0.0,0.0
2023-09-14 00:00:00+05:30,263.2096252441406,263.2096252441406,263.2096252441406,263.2096252441406,6142,0.0,0.0
2023-09-15 00:00:00+05:30,268.4653625488281,268.4653625488281,268.19134315492903,268.4653625488281,5780,0.0,0.0
2023-09-18 00:00:00+05:30,273.2478332519531,273.8207442443495,273.2478332519531,273.2478332519531,8966,0.0,0.0
2023-09-20 00:00:00+05:30,267.9671936035156,273.2478137580203,267.79281485884997,267.9671936035156,4154,0.0,0.0
2023-09-21 00:00:00+05:30,269.01336669921875,271.504231205693,268.01702089662905,269.01336669921875,1316,0.0,0.0
2023-09-22 00:00:00+05:30,266.0243225097656,268.515186952741,266.0243225097656,266.0243225097656,1222,0.0,0.0
2023-09-25 00:00:00+05:30,265.2770690917969,266.0243284413512,265.2770690917969,265.2770690917969,1682,0.0,0.0
2023-09-26 00:00:00+05:30,270.50787353515625,270.5576786606763,265.277058301051,270.50787353515625,11306,0.0,0.0
2023-09-27 00:00:00+05:30,275.91302490234375,275.91302490234375,275.91302490234375,275.91302490234375,8198,0.0,0.0
2023-09-28 00:00:00+05:30,281.4178771972656,281.4178771972656,280.86986877565414,281.4178771972656,4946,0.0,0.0
2023-09-29 00:00:00+05:30,287.0223083496094,287.0223083496094,287.0223083496094,287.0223083496094,4400,0.0,0.0
2023-10-03 00:00:00+05:30,292.7513122558594,292.7513122558594,292.7513122558594,292.7513122558594,4916,0.0,0.0
2023-10-04 00:00:00+05:30,298.6048278808594,298.6048278808594,298.6048278808594,298.6048278808594,8496,0.0,0.0
2023-10-05 00:00:00+05:30,304.5579833984375,304.5579833984375,304.5579833984375,304.5579833984375,5668,0.0,0.0
2023-10-06 00:00:00+05:30,306.3763122558594,310.61078161224117,306.3763122558594,306.3763122558594,8434,0.0,0.0
2023-10-09 00:00:00+05:30,306.3763122558594,306.3763122558594,305.8781393904027,306.3763122558594,5468,0.0,0.0
2023-10-10 00:00:00+05:30,306.4012145996094,309.86352209327816,306.37631203756604,306.4012145996094,2878,0.0,0.0
2023-10-11 00:00:00+05:30,312.52874755859375,312.52874755859375,308.86718901256233,312.52874755859375,3944,0.0,0.0
2023-10-12 00:00:00+05:30,318.33245849609375,318.7558932659422,316.01594252771287,318.33245849609375,5084,0.0,0.0
2023-10-13 00:00:00+05:30,322.8160400390625,324.33546130679963,322.8160400390625,322.8160400390625,4460,0.0,0.0
2023-10-16 00:00:00+05:30,320.8233337402344,322.8160252541489,320.8233337402344,320.8233337402344,1832,0.0,0.0
2023-10-17 00:00:00+05:30,314.42181396484375,320.5742366471639,314.42181396484375,314.42181396484375,4222,0.0,0.0
2023-10-18 00:00:00+05:30,308.14483642578125,313.82401955996147,308.14483642578125,308.14483642578125,2438,0.0,0.0
2023-10-19 00:00:00+05:30,301.9924011230469,302.3909333394818,301.9924011230469,301.9924011230469,1880,0.0,0.0
2023-10-20 00:00:00+05:30,295.9645080566406,298.90374033233286,295.9645080566406,295.9645080566406,2832,0.0,0.0
2023-10-23 00:00:00+05:30,290.0611572265625,295.9644936483118,290.0611572265625,290.0611572265625,2284,0.0,0.0
2023-10-25 00:00:00+05:30,288.9651794433594,291.431141335875,288.9651794433594,288.9651794433594,4590,0.0,0.0
2023-10-26 00:00:00+05:30,283.1863708496094,283.1863708496094,283.1863708496094,283.1863708496094,7700,0.0,0.0
2023-10-27 00:00:00+05:30,288.84063720703125,288.84063720703125,281.2435005907054,288.84063720703125,10288,0.0,0.0
2023-10-30 00:00:00+05:30,303.2627258300781,303.2627258300781,293.946887349651,303.2627258300781,7102,0.0,0.0
2023-10-31 00:00:00+05:30,318.3822630770428,318.4071960449219,310.36169218305025,318.4071960449219,8204,0.0,0.0
2023-11-01 00:00:00+05:30,328.79411497746946,334.3238220214844,325.30690466710234,334.3238220214844,20170,0.0,0.0
2023-11-02 00:00:00+05:30,347.72465975388417,350.7136969437457,317.6101039848182,337.4373779296875,22898,0.0,0.0
2023-11-03 00:00:00+05:30,337.4374003100754,353.6529524654102,333.7758416720673,346.1554260253906,18412,0.0,0.0
2023-11-06 00:00:00+05:30,357.68812594919063,363.4420166015625,351.2118785434253,363.4420166015625,23288,0.0,0.0
2023-11-07 00:00:00+05:30,381.6004333496094,381.6004333496094,374.62601289674444,381.6004333496094,48310,0.0,0.0
2023-11-08 00:00:00+05:30,381.8744201660156,381.8744201660156,376.89269129970256,381.8744201660156,13602,0.0,0.0
2023-11-09 00:00:00+05:30,378.11322021484375,381.6004304144536,378.11322021484375,378.11322021484375,3226,0.0,0.0
2023-11-10 00:00:00+05:30,373.6296691894531,377.61505232747396,371.1388047281901,373.6296691894531,5584,0.0,0.0
2023-11-13 00:00:00+05:30,380.10589599609375,381.1022417260966,380.10589599609375,380.10589599609375,4206,0.0,0.0
2023-11-15 00:00:00+05:30,384.5894509400839,384.0912780761719,381.1022408926997,384.0912780761719,3068,0.0,0.0
2023-11-16 00:00:00+05:30,379.8319091796875,387.5784911936706,379.8319091796875,379.8319091796875,2290,0.0,0.0
2023-11-17 00:00:00+05:30,379.60772705078125,380.1058999209266,379.60772705078125,379.60772705078125,8130,0.0,0.0
2023-11-20 00:00:00+05:30,378.61138916015625,380.4047993674384,378.61138916015625,378.61138916015625,7298,0.0,0.0
2023-11-21 00:00:00+05:30,375.1241760253906,377.9388649401961,375.1241760253906,375.1241760253906,2030,0.0,0.0
2023-11-22 00:00:00+05:30,371.1387939453125,373.57985320885314,367.62668123818287,371.1387939453125,2830,0.0,0.0
2023-11-23 00:00:00+05:30,371.0391540527344,373.0318455679543,367.1285091165391,371.0391540527344,8062,0.0,0.0
2023-11-24 00:00:00+05:30,363.66619873046875,368.14975460522794,363.66619873046875,363.66619873046875,6084,0.0,0.0
2023-11-28 00:00:00+05:30,364.66253662109375,364.66253662109375,358.38557069413775,364.66253662109375,2706,0.0,0.0
2023-11-29 00:00:00+05:30,358.1863098144531,364.6625574188869,358.1863098144531,358.1863098144531,7794,0.0,0.0
2023-11-30 00:00:00+05:30,351.03753662109375,351.211884968938,351.03753662109375,351.03753662109375,11640,0.0,0.0
2023-12-01 00:00:00+05:30,358.036865234375,358.036865234375,351.03754215028596,358.036865234375,5816,0.0,0.0
2023-12-04 00:00:00+05:30,365.18560791015625,365.18560791015625,363.61638164922425,365.18560791015625,4094,0.0,0.0
2023-12-05 00:00:00+05:30,368.1497497558594,372.4838597922484,365.1856151076011,368.1497497558594,6618,0.0,0.0
2023-12-06 00:00:00+05:30,371.1387939453125,373.13148545642827,368.1497566786389,371.1387939453125,3788,0.0,0.0
2023-12-07 00:00:00+05:30,373.6296691894531,375.2736336526747,371.63697762044274,373.6296691894531,6402,0.0,0.0
2023-12-08 00:00:00+05:30,371.1885986328125,374.62600364785624,371.1885986328125,371.1885986328125,3660,0.0,0.0
2023-12-11 00:00:00+05:30,368.6479187011719,371.1387830167203,368.6479187011719,368.6479187011719,4202,0.0,0.0
2023-12-12 00:00:00+05:30,363.66619873046875,366.82958432412516,363.66619873046875,363.66619873046875,2534,0.0,0.0
2023-12-13 00:00:00+05:30,359.4317321777344,363.6662016489897,358.93355929876316,359.4317321777344,4548,0.0,0.0
2023-12-14 00:00:00+05:30,360.6273498535156,361.17532784368257,359.6808092457087,360.6273498535156,5562,0.0,0.0
2023-12-15 00:00:00+05:30,362.66986083984375,363.66620661138177,361.22514730868966,362.66986083984375,1980,0.0,0.0
2023-12-18 00:00:00+05:30,378.6113755088383,380.80334826631287,366.15705394604754,376.46923828125,10214,0.0,0.0
2023-12-19 00:00:00+05:30,378.2626760348209,378.2626760348209,363.6662161789861,365.3101806640625,7858,0.0,0.0
2023-12-20 00:00:00+05:30,368.6479324889255,383.5682163783041,358.68447485408973,370.7651672363281,14564,0.0,0.0
2023-12-21 00:00:00+05:30,353.7027320776847,373.13147369885326,353.7027320776847,368.74755859375,6740,0.0,0.0
2023-12-22 00:00:00+05:30,366.1570574289345,385.3616153802199,363.6661930926832,372.1351318359375,5672,0.0,0.0
2023-12-26 00:00:00+05:30,388.89866048957794,390.7418757712261,379.5828218025662,387.7030334472656,13242,0.0,0.0
2023-12-27 00:00:00+05:30,396.0474290542423,407.08197021484375,396.0474290542423,407.08197021484375,13674,0.0,0.0
2023-12-28 00:00:00+05:30,425.9378243949099,427.4323430769973,415.97436651432724,427.35760498046875,29650,0.0,0.0
2023-12-29 00:00:00+05:30,433.410397500121,435.90126185356996,405.98598704985966,418.2908630371094,17382,0.0,0.0
2024-01-01 00:00:00+05:30,426.63525390625,426.63525390625,410.0211706087187,426.63525390625,7102,0.0,0.0
2024-01-02 00:00:00+05:30,418.4652099609375,426.63525717497936,418.4652099609375,418.4652099609375,8268,0.0,0.0
2024-01-03 00:00:00+05:30,410.49444580078125,418.46521173866046,410.0959135850991,410.49444580078125,2552,0.0,0.0
2024-01-04 00:00:00+05:30,408.99993896484375,409.49811185030643,408.99993896484375,408.99993896484375,4340,0.0,0.0
2024-01-05 00:00:00+05:30,401.0291748046875,408.50176812402947,401.0291748046875,401.0291748046875,3710,0.0,0.0
2024-01-08 00:00:00+05:30,407.15667724609375,407.15667724609375,401.0291570763256,407.15667724609375,2488,0.0,0.0
2024-01-09 00:00:00+05:30,399.0115661621094,409.92153376749286,399.0115661621094,399.0115661621094,3634,0.0,0.0
2024-01-10 00:00:00+05:30,406.0108947753906,406.0108947753906,405.9610896501119,406.0108947753906,9162,0.0,0.0
2024-01-11 00:00:00+05:30,414.131103515625,414.131103515625,406.01089176160474,414.131103515625,1844,0.0,0.0
2024-01-12 00:00:00+05:30,422.4007873535156,422.4007873535156,414.1310994929772,422.4007873535156,5326,0.0,0.0
2024-01-15 00:00:00+05:30,430.84478759765625,430.84478759765625,429.92317996525264,430.84478759765625,6378,0.0,0.0
2024-01-16 00:00:00+05:30,422.2264099121094,430.8447944824042,422.2264099121094,422.2264099121094,2278,0.0,0.0
2024-01-17 00:00:00+05:30,413.7823791503906,413.7823791503906,413.7823791503906,413.7823791503906,2364,0.0,0.0
2024-01-18 00:00:00+05:30,405.5127258300781,406.334723247563,405.5127258300781,405.5127258300781,14648,0.0,0.0
2024-01-19 00:00:00+05:30,397.41741943359375,397.5419626549769,397.41741943359375,397.41741943359375,8772,0.0,0.0
2024-01-23 00:00:00+05:30,381.7000732421875,381.7000732421875,381.7000732421875,381.7000732421875,4802,0.0,0.0
2024-01-24 00:00:00+05:30,374.0780334472656,374.0780334472656,374.0780334472656,374.0780334472656,8638,0.0,0.0
2024-01-25 00:00:00+05:30,366.6054382324219,366.6054382324219,366.6054382324219,366.6054382324219,5310,0.0,0.0
2024-01-29 00:00:00+05:30,373.9285583496094,373.9285583496094,359.2822936555239,373.9285583496094,26806,0.0,0.0
2024-01-30 00:00:00+05:30,374.1278381347656,374.30218648279055,374.1278381347656,374.1278381347656,7458,0.0,0.0
2024-01-31 00:00:00+05:30,366.7050476074219,374.17764086451695,366.65524248146517,366.7050476074219,9404,0.0,0.0
2024-02-01 00:00:00+05:30,364.16436767578125,366.6552320237688,361.72330845232983,364.16436767578125,5156,0.0,0.0
2024-02-02 00:00:00+05:30,371.43768310546875,371.43768310546875,371.1387915431597,371.43768310546875,4338,0.0,0.0
2024-02-05 00:00:00+05:30,389.99462890625,389.99462890625,389.99462890625,389.99462890625,7174,0.0,0.0
2024-02-06 00:00:00+05:30,407.00724300175773,407.5552210073901,391.06571084012216,397.96539306640625,12280,0.0,0.0
2024-02-07 00:00:00+05:30,379.1095539488476,398.5133933103585,379.1095539488476,387.37921142578125,11112,0.0,0.0
2024-02-08 00:00:00+05:30,391.0657164809333,406.73325986574446,368.0252204462286,404.9647521972656,43526,0.0,0.0
2024-02-09 00:00:00+05:30,402.5237001659681,402.5237001659681,385.0876487973927,388.64959716796875,40662,0.0,0.0
2024-02-12 00:00:00+05:30,396.29651694206797,396.29651694206797,369.2208336980787,372.0105895996094,14322,0.0,0.0
2024-02-13 00:00:00+05:30,353.7027294677162,370.64060665349416,353.42874047680493,353.55328369140625,16722,0.0,0.0
2024-02-14 00:00:00+05:30,353.55330064868525,363.51675829466166,349.29392858624226,355.2720031738281,8302,0.0,0.0
2024-02-15 00:00:00+05:30,361.2251285332588,372.53365853364295,361.2251285332588,368.9468078613281,10204,0.0,0.0
2024-02-16 00:00:00+05:30,381.1022454282108,387.37921142578125,372.1849388956369,387.37921142578125,9574,0.0,0.0
2024-02-19 00:00:00+05:30,413.48349735734257,430.91954845072445,378.48685194848315,389.4217529296875,51962,0.0,0.0
2024-02-20 00:00:00+05:30,404.51637354103514,404.51637354103514,374.22746889405124,383.1198425292969,23208,0.0,0.0
2024-02-21 00:00:00+05:30,383.59311180309606,394.5529149974702,374.72564075431427,390.990966796875,17374,0.0,0.0
2024-02-22 00:00:00+05:30,394.5529347223518,394.5529347223518,357.16506485544204,369.2955627441406,33606,0.0,0.0
2024-02-23 00:00:00+05:30,369.6940899257118,443.1496887207031,369.6940899257118,443.1496887207031,235112,0.0,0.0
2024-02-26 00:00:00+05:30,488.03507241201777,491.646825779863,430.8946371871031,436.7979736328125,185918,0.0,0.0
2024-02-27 00:00:00+05:30,447.85741822182337,447.85741822182337,428.10485140701326,429.0015869140625,27962,0.0,0.0
2024-02-28 00:00:00+05:30,431.8909860251111,440.88300046179216,404.043109765722,413.2344055175781,49606,0.0,0.0
2024-02-29 00:00:00+05:30,411.51570575365173,472.7660680724964,411.4908031906028,455.33001708984375,118806,0.0,0.0
2024-03-01 00:00:00+05:30,469.2788375289352,472.2678747106482,439.13937927999615,453.96002197265625,49526,0.0,0.0
2024-03-04 00:00:00+05:30,448.3555995136388,453.66115293697425,438.3672391834637,443.3987731933594,19264,0.0,0.0
2024-03-05 00:00:00+05:30,453.83548829793864,453.83548829793864,428.9268445933317,437.271240234375,22354,0.0,0.0
2024-03-06 00:00:00+05:30,428.95173939203545,438.39212126642764,403.5449232731857,415.0028991699219,33308,0.0,0.0
2024-03-07 00:00:00+05:30,426.43599289835873,426.43599289835873,411.4659036681272,420.2088317871094,10958,0.0,0.0
2024-03-11 00:00:00+05:30,418.46522177419354,418.46522177419354,399.03647933467744,401.52734375,13222,0.0,0.0
2024-03-12 00:00:00+05:30,415.974355339821,420.4579112656394,401.5273418010727,405.63726806640625,18586,0.0,0.0
2024-03-13 00:00:00+05:30,405.0394567314734,409.9215449071514,368.64793368352156,374.4765625,39284,0.0,0.0
2024-03-14 00:00:00+05:30,356.9657596873747,411.98895860808176,356.9657596873747,376.3197937011719,49194,0.0,0.0
2024-03-15 00:00:00+05:30,398.48849117523406,401.0042580894151,376.26996291288214,395.07598876953125,17988,0.0,0.0
2024-03-18 00:00:00+05:30,413.9816764719737,413.9816764719737,397.5419709081047,404.0680236816406,8890,0.0,0.0
2024-03-19 00:00:00+05:30,409.49809532680035,409.49809532680035,386.08397065483,387.82757568359375,7052,0.0,0.0
2024-03-20 00:00:00+05:30,389.77048555132615,404.5163910937991,389.07303133529194,396.42108154296875,9298,0.0,0.0
2024-03-21 00:00:00+05:30,408.5017581148413,408.5017581148413,393.805658280222,402.27459716796875,9806,0.0,0.0
2024-03-22 00:00:00+05:30,409.4981062855868,409.4981062855868,378.636290369348,386.5074157714844,24494,0.0,0.0
2024-03-26 00:00:00+05:30,393.0335050409117,417.56851971074525,386.68180073552327,405.0145568847656,19550,0.0,0.0
2024-03-27 00:00:00+05:30,411.9889722474891,459.3153959034884,407.8043078881137,440.40972900390625,144626,0.0,0.0
2024-03-28 00:00:00+05:30,452.81425705455075,456.77473763407187,431.39282266118084,439.0397644042969,32122,0.0,0.0
2024-04-01 00:00:00+05:30,447.359251848363,447.359251848363,424.5180371764357,428.2044982910156,32280,0.0,0.0
2024-04-02 00:00:00+05:30,430.84481438719246,438.3921458792422,425.61399901022423,431.3180847167969,12396,0.0,0.0
2024-04-03 00:00:00+05:30,438.1928491361791,438.1928491361791,424.4432899345266,425.5143737792969,21148,0.0,0.0
2024-04-04 00:00:00+05:30,439.5877572864172,439.5877572864172,424.4432897162766,425.5392761230469,10106,0.0,0.0
2024-04-05 00:00:00+05:30,436.3745301156155,436.3745301156155,416.9955933742339,418.5399475097656,18246,0.0,0.0
2024-04-08 00:00:00+05:30,434.4067645136981,434.4067645136981,405.0394662672538,408.00360107421875,20170,0.0,0.0
2024-04-09 00:00:00+05:30,421.4293632999683,431.392821121796,401.900979887974,427.6814270019531,23862,0.0,0.0
2024-04-10 00:00:00+05:30,433.4104176111786,435.45291431335886,428.2294073531725,431.2433776855469,14440,0.0,0.0
2024-04-12 00:00:00+05:30,427.9305109277897,436.6485364705561,424.49310583707495,428.0052490234375,9598,0.0,0.0
2024-04-15 00:00:00+05:30,399.80863417247645,427.9803041318179,399.5346451728341,421.778076171875,22096,0.0,0.0
2024-04-16 00:00:00+05:30,409.4981120494091,428.95175715497254,409.4732094863358,412.83587646484375,8482,0.0,0.0
2024-04-18 00:00:00+05:30,421.9524172480472,425.16563831302506,407.5303067048154,411.0673522949219,17114,0.0,0.0
2024-04-19 00:00:00+05:30,420.93117875044896,420.93117875044896,405.0145492397062,405.9859924316406,11040,0.0,0.0
2024-04-22 00:00:00+05:30,419.934830095902,419.934830095902,411.8893260207465,414.081298828125,5768,0.0,0.0
2024-04-23 00:00:00+05:30,417.44396352736146,422.4505948019988,410.5193484548579,414.35528564453125,8278,0.0,0.0
2024-04-24 00:00:00+05:30,422.4505975637374,434.4067465513903,415.2270908836971,425.6139831542969,9482,0.0,0.0
2024-04-25 00:00:00+05:30,425.66382082326015,425.9378098243914,418.46521666957756,421.4791564941406,7228,0.0,0.0
2024-04-26 00:00:00+05:30,428.3788750816718,428.3788750816718,412.5369530468204,424.5927429199219,8672,0.0,0.0
2024-04-29 00:00:00+05:30,428.4286834490741,431.4924588710467,414.9780154803241,420.3333740234375,7730,0.0,0.0
2024-04-30 00:00:00+05:30,425.9627193882038,425.9627193882038,408.42702774880996,412.88568115234375,11054,0.0,0.0
2024-05-02 00:00:00+05:30,406.0108941692118,418.4652160762428,405.9610890440074,417.69305419921875,10990,0.0,0.0
2024-05-03 00:00:00+05:30,417.69307031619906,417.96705932751394,404.9398259476708,411.81463623046875,11998,0.0,0.0
2024-05-06 00:00:00+05:30,411.59045177832854,416.99561552465974,400.78009387960566,408.02850341796875,12528,0.0,0.0
2024-05-07 00:00:00+05:30,407.45562340647047,424.41840441764106,390.841539097314,415.6505432128906,10994,0.0,0.0
2024-05-08 00:00:00+05:30,413.4834776529311,413.4834776529311,404.54126865139386,411.1669616699219,6634,0.0,0.0
2024-05-09 00:00:00+05:30,402.0255073325196,416.0739883911503,402.0255073325196,406.58380126953125,11284,0.0,0.0
2024-05-10 00:00:00+05:30,407.2314325630712,409.59775377634276,398.6130476991047,401.1288146972656,8910,0.0,0.0
2024-05-13 00:00:00+05:30,427.4323342507479,427.4323342507479,397.3925154423094,401.4526062011719,19228,0.0,0.0
2024-05-14 00:00:00+05:30,410.46956163192954,413.48350155603555,403.0218707937744,404.3171081542969,8264,0.0,0.0
2024-05-15 00:00:00+05:30,409.4732005910343,411.76478365307094,406.0108930293878,406.2350769042969,5936,0.0,0.0
2024-05-16 00:00:00+05:30,422.94878802424404,422.94878802424404,397.5668729326253,404.14276123046875,17662,0.0,0.0
2024-05-17 00:00:00+05:30,398.5383121602235,414.47984464663244,398.5383121602235,412.36260986328125,5560,0.0,0.0
2024-05-21 00:00:00+05:30,412.1633210033525,446.86107433335513,403.52003367894946,440.35992431640625,75952,0.0,0.0
2024-05-22 00:00:00+05:30,453.3373241512392,459.81357163911406,435.9012732223454,440.0610046386719,65420,0.0,0.0
2024-05-23 00:00:00+05:30,452.31607240198224,452.31607240198224,431.19353013107155,432.7627868652344,16052,0.0,0.0
2024-05-24 00:00:00+05:30,441.87935556969137,445.96437936868415,429.4250332593844,431.392822265625,23552,0.0,0.0
2024-05-27 00:00:00+05:30,436.3496226127287,436.3496226127287,420.68207999919355,423.02349853515625,15266,0.0,0.0
2024-05-28 00:00:00+05:30,435.9012763436312,435.9012763436312,416.2483498604121,416.5223388671875,14584,0.0,0.0
2024-05-29 00:00:00+05:30,419.4864578154435,420.1839119937275,408.0035792783809,410.7684326171875,13726,0.0,0.0
2024-05-30 00:00:00+05:30,420.93118633871046,435.0045703759604,419.11284314138516,424.3436584472656,35752,0.0,0.0
2024-05-31 00:00:00+05:30,436.89760749384624,436.89760749384624,412.4871368356952,414.4300231933594,11104,0.0,0.0
2024-06-03 00:00:00+05:30,432.41407293336005,432.41407293336005,407.03215784759186,408.00360107421875,26398,0.0,0.0
2024-06-04 00:00:00+05:30,411.4907860993702,411.4907860993702,362.69474793773077,376.26995849609375,38784,0.0,0.0
2024-06-05 00:00:00+05:30,376.2699639314695,405.8614446742628,376.2699639314695,398.8122863769531,15020,0.0,0.0
2024-06-06 00:00:00+05:30,405.8614376325535,412.46222806836454,398.76247433366234,403.56982421875,16422,0.0,0.0
2024-06-07 00:00:00+05:30,411.49078612573953,411.49078612573953,399.6591805924631,403.4203796386719,10698,0.0,0.0
2024-06-10 00:00:00+05:30,401.626974155582,409.9962722962127,399.53464201890955,402.82257080078125,13368,0.0,0.0
2024-06-11 00:00:00+05:30,410.49446652818455,411.4908123207287,396.71997378383764,400.1822814941406,18804,0.0,0.0
2024-06-12 00:00:00+05:30,401.029176720842,408.32742172669504,400.182276726058,404.64093017578125,13726,0.0,0.0
2024-06-13 00:00:00+05:30,408.5017582810937,408.5017582810937,395.52436094374156,398.38885498046875,17054,0.0,0.0
2024-06-14 00:00:00+05:30,398.3888542168355,403.5200287480995,396.0474356231347,398.4884948730469,33066,0.0,0.0
2024-06-18 00:00:00+05:30,398.53829051121625,415.97434072108194,395.07598303118834,407.4555969238281,28292,0.0,0.0
2024-06-19 00:00:00+05:30,401.02916470128827,418.46521534047474,397.0437816980457,398.43865966796875,31698,0.0,0.0
2024-06-20 00:00:00+05:30,405.11417724213067,408.302465313584,395.0510793539212,395.9477844238281,16882,0.0,0.0
2024-06-21 00:00:00+05:30,393.55656466639533,405.5127134663871,393.3572833573053,395.4496154785156,13674,0.0,0.0
2024-06-24 00:00:00+05:30,383.6429156454714,403.0218524822583,383.09493765000815,391.16534423828125,25588,0.0,0.0
2024-06-25 00:00:00+05:30,396.0474514322421,399.73394301680287,388.57485800899224,396.47088623046875,12230,0.0,0.0
2024-06-26 00:00:00+05:30,396.5456212825734,475.7551109608763,392.6349762501882,443.0998840332031,603794,0.0,0.0
2024-06-27 00:00:00+05:30,447.85743266947827,447.85743266947827,426.2118142973999,431.0939025878906,131626,0.0,0.0
2024-06-28 00:00:00+05:30,429.4250147410693,437.719605204466,411.49079138761397,422.12677001953125,41144,0.0,0.0
2024-07-01 00:00:00+05:30,426.9341528106917,470.69862760791716,426.9341528106917,445.042724609375,166662,0.0,0.0
2024-07-02 00:00:00+05:30,448.305792590921,470.72357247677763,442.3775230809038,447.4837951660156,187946,0.0,0.0
2024-07-03 00:00:00+05:30,460.31174119120055,464.77039454910215,452.83914799004475,455.9278259277344,27632,0.0,0.0
2024-07-04 00:00:00+05:30,456.05236813231323,460.28683760353977,446.41270468065,452.1915283203125,19452,0.0,0.0
2024-07-05 00:00:00+05:30,457.67142380588837,457.67142380588837,438.3921275690817,452.96368408203125,47624,0.0,0.0
2024-07-08 00:00:00+05:30,453.93513959240033,459.76376843709005,433.9334860664182,443.69769287109375,38212,0.0,0.0
2024-07-09 00:00:00+05:30,448.03176399267795,485.5192729220952,437.9935987821241,464.1227722167969,133066,0.0,0.0
2024-07-10 00:00:00+05:30,468.28251509734304,556.9323562635292,466.2898235437373,551.3528442382812,1916366,0.0,0.0
2024-07-11 00:00:00+05:30,538.0267025890116,547.9901600443636,514.4880343507423,518.6975708007812,297696,0.0,0.0
2024-07-12 00:00:00+05:30,522.7826226734131,541.4391723562242,508.1363281124541,511.2249755859375,89006,0.0,0.0
2024-07-15 00:00:00+05:30,512.5,549.5,512.3499755859375,517.0250244140625,110900,1.875,0.0
2024-07-16 00:00:00+05:30,517.0499877929688,538.5,517.0499877929688,523.2249755859375,37960,0.0,0.0
2024-07-18 00:00:00+05:30,523.2249755859375,523.2249755859375,487.7749938964844,497.54998779296875,83148,0.0,0.0
2024-07-19 00:00:00+05:30,495.0,521.4749755859375,485.0,493.375,63382,0.0,0.0
2024-07-22 00:00:00+05:30,487.5,520.0,482.5249938964844,501.8999938964844,28212,0.0,0.0
2024-07-23 00:00:00+05:30,501.8999938964844,503.75,456.5249938964844,486.42498779296875,43710,0.0,0.0
2024-07-24 00:00:00+05:30,485.0,500.4750061035156,474.7749938964844,487.79998779296875,32864,0.0,0.0
2024-07-25 00:00:00+05:30,487.54998779296875,514.0,472.5249938964844,502.3500061035156,81506,0.0,0.0
2024-07-26 00:00:00+05:30,501.3999938964844,508.5,488.04998779296875,496.7250061035156,35182,0.0,0.0
2024-07-29 00:00:00+05:30,498.8500061035156,511.5,497.5,508.92498779296875,33014,0.0,0.0
2024-07-30 00:00:00+05:30,509.17498779296875,523.8499755859375,500.0,503.07501220703125,30092,0.0,0.0
2024-07-31 00:00:00+05:30,498.5,513.9500122070312,498.5,508.25,23686,0.0,0.0
2024-08-01 00:00:00+05:30,508.2250061035156,511.0,497.5,507.3999938964844,30798,0.0,0.0
2024-08-02 00:00:00+05:30,517.0,547.7249755859375,514.0499877929688,530.6500244140625,156546,0.0,0.0
2024-08-05 00:00:00+05:30,530.0,537.25,507.5249938964844,512.75,95736,0.0,0.0
2024-08-06 00:00:00+05:30,515.0250244140625,536.9249877929688,499.5249938964844,506.375,34626,0.0,0.0
2024-08-07 00:00:00+05:30,517.5,607.6500244140625,495.0,546.4500122070312,245784,0.0,0.0
2024-08-08 00:00:00+05:30,540.0,599.7999877929688,540.0,565.9500122070312,262930,0.0,0.0
2024-08-09 00:00:00+05:30,589.9749755859375,594.0,552.5250244140625,558.0750122070312,85034,0.0,0.0
2024-08-12 00:00:00+05:30,564.0,574.7999877929688,558.0250244140625,563.4500122070312,40376,0.0,0.0
2024-08-13 00:00:00+05:30,569.2750244140625,571.0,531.0,537.3499755859375,28560,0.0,0.0
2024-08-14 00:00:00+05:30,543.5750122070312,544.5499877929688,525.5,534.0,24724,0.0,0.0
2024-08-16 00:00:00+05:30,544.5250244140625,570.0,544.5250244140625,550.2249755859375,27200,0.0,0.0
2024-08-19 00:00:00+05:30,570.0,570.0,552.0250244140625,563.6749877929688,46716,0.0,0.0
2024-08-20 00:00:00+05:30,564.2249755859375,580.4749755859375,560.0,569.0999755859375,37014,0.0,0.0
2024-08-21 00:00:00+05:30,570.75,682.9000244140625,570.0,670.3250122070312,689020,0.0,0.0
2024-08-22 00:00:00+05:30,670.3250122070312,680.875,650.0,663.5499877929688,183306,0.0,0.0
2024-08-23 00:00:00+05:30,658.0,715.9749755859375,658.0,698.4000244140625,202228,0.0,0.0
2024-08-26 00:00:00+05:30,699.0,837.5,687.6500244140625,819.5499877929688,760186,0.0,0.0
2024-08-27 00:00:00+05:30,824.5,901.0,791.8499755859375,810.8499755859375,237158,0.0,0.0
2024-08-28 00:00:00+05:30,830.0,835.875,785.0,823.9749755859375,62988,0.0,0.0
2024-08-29 00:00:00+05:30,822.5,822.5,775.0,796.2249755859375,51550,0.0,0.0
2024-08-30 00:00:00+05:30,801.0,819.7999877929688,782.375,791.5750122070312,27354,0.0,0.0
2024-09-02 00:00:00+05:30,785.0,799.9500122070312,777.5,791.0750122070312,21122,0.0,0.0
2024-09-03 00:00:00+05:30,791.0750122070312,822.0,778.0999755859375,788.0499877929688,25268,0.0,0.0
2024-09-04 00:00:00+05:30,788.0499877929688,820.0,777.5250244140625,810.4249877929688,48658,0.0,0.0
2024-09-05 00:00:00+05:30,820.0,842.5,813.7249755859375,828.9249877929688,41304,0.0,0.0
2024-09-06 00:00:00+05:30,836.0,842.0,766.2000122070312,787.4249877929688,56116,0.0,0.0
2024-09-09 00:00:00+05:30,808.9749755859375,808.9749755859375,755.0999755859375,780.2999877929688,28662,0.0,0.0
2024-09-10 00:00:00+05:30,780.2999877929688,840.0,780.2999877929688,823.5250244140625,64872,0.0,0.0
2024-09-11 00:00:00+05:30,835.0,860.0,822.5,845.5499877929688,66078,0.0,0.0
2024-09-12 00:00:00+05:30,850.5,874.5,850.5,856.375,43808,0.0,0.0
2024-09-13 00:00:00+05:30,862.5,864.4749755859375,825.5499877929688,843.7999877929688,29314,0.0,0.0
2024-09-16 00:00:00+05:30,874.5,925.0,865.625,895.1749877929688,92062,0.0,0.0
2024-09-17 00:00:00+05:30,912.0,962.0,910.0,940.9000244140625,133566,0.0,0.0
2024-09-18 00:00:00+05:30,963.4749755859375,972.5,869.5250244140625,885.3499755859375,102232,0.0,0.0
2024-09-19 00:00:00+05:30,886.5,923.4749755859375,850.0,863.5499877929688,42898,0.0,0.0
2024-09-20 00:00:00+05:30,868.0250244140625,879.8499755859375,839.2750244140625,848.0,41250,0.0,0.0
2024-09-23 00:00:00+05:30,877.5,932.7999877929688,866.0,932.7999877929688,148856,0.0,0.0
2024-09-24 00:00:00+05:30,949.9749755859375,992.5,945.8499755859375,968.125,207700,0.0,0.0
2024-09-25 00:00:00+05:30,1004.9500122070312,1039.949951171875,954.0999755859375,988.7999877929688,118477,0.0,2.0
2024-09-26 00:00:00+05:30,991.7999877929688,997.5,900.0,918.0499877929688,70175,0.0,0.0
2024-09-27 00:00:00+05:30,917.0,961.3499755859375,875.0,918.5,58412,0.0,0.0
2024-09-30 00:00:00+05:30,915.0,922.75,895.5499877929688,905.9500122070312,17670,0.0,0.0
2024-10-01 00:00:00+05:30,895.0499877929688,899.7999877929688,871.0999755859375,879.75,29966,0.0,0.0
2024-10-03 00:00:00+05:30,856.0499877929688,924.5999755859375,846.0499877929688,886.25,34863,0.0,0.0
2024-10-04 00:00:00+05:30,869.0499877929688,881.9500122070312,797.6500244140625,803.7000122070312,96326,0.0,0.0
2024-10-07 00:00:00+05:30,810.7999877929688,814.0,726.5499877929688,737.0999755859375,89651,0.0,0.0
2024-10-08 00:00:00+05:30,723.3499755859375,810.7999877929688,721.5999755859375,810.7999877929688,57428,0.0,0.0
2024-10-09 00:00:00+05:30,837.9000244140625,872.9500122070312,830.0,859.2999877929688,74242,0.0,0.0
2024-10-10 00:00:00+05:30,870.0499877929688,874.75,833.0,841.7000122070312,27550,0.0,0.0
2024-10-11 00:00:00+05:30,848.9500122070312,861.9500122070312,825.0,830.6500244140625,17561,0.0,0.0
2024-10-14 00:00:00+05:30,822.2999877929688,845.0,800.5499877929688,823.1500244140625,32042,0.0,0.0
2024-10-15 00:00:00+05:30,823.0,839.9500122070312,813.0,821.2000122070312,19140,0.0,0.0
2024-10-16 00:00:00+05:30,804.0,818.8499755859375,800.2999877929688,806.0999755859375,18533,0.0,0.0
2024-10-17 00:00:00+05:30,805.0499877929688,816.6500244140625,794.0,796.4000244140625,16153,0.0,0.0
2024-10-18 00:00:00+05:30,790.0499877929688,860.0,771.0,835.6500244140625,62695,0.0,0.0
2024-10-21 00:00:00+05:30,842.9500122070312,848.9000244140625,801.0,805.8499755859375,24630,0.0,0.0
2024-10-22 00:00:00+05:30,805.8499755859375,805.8499755859375,765.5499877929688,767.7999877929688,33026,0.0,0.0
2024-10-23 00:00:00+05:30,785.5499877929688,805.0,765.5499877929688,783.8499755859375,20396,0.0,0.0
2024-10-24 00:00:00+05:30,780.0,780.0,740.0,748.0,25994,0.0,0.0
2024-10-25 00:00:00+05:30,765.9500122070312,765.9500122070312,701.4000244140625,721.6500244140625,23295,0.0,0.0
2024-10-28 00:00:00+05:30,729.9500122070312,739.4500122070312,709.0499877929688,713.5499877929688,17167,0.0,0.0
2024-10-29 00:00:00+05:30,735.0,735.0,697.0,714.3499755859375,15565,0.0,0.0
2024-10-30 00:00:00+05:30,714.0499877929688,761.0,708.2999877929688,742.2000122070312,21246,0.0,0.0
2024-10-31 00:00:00+05:30,742.2000122070312,773.75,742.0,754.5,15086,0.0,0.0
2024-11-01 00:00:00+05:30,775.0,795.0999755859375,770.0,780.5999755859375,7478,0.0,0.0
2024-11-04 00:00:00+05:30,798.9500122070312,798.9500122070312,740.7999877929688,771.7000122070312,14906,0.0,0.0
2024-11-05 00:00:00+05:30,760.0,799.0,756.0499877929688,786.6500244140625,17633,0.0,0.0
2024-11-06 00:00:00+05:30,787.5,817.0,780.5,786.8499755859375,58024,0.0,0.0
2024-11-07 00:00:00+05:30,765.5499877929688,800.7000122070312,764.0,766.7000122070312,23908,0.0,0.0
2024-11-08 00:00:00+05:30,780.0,780.0,702.2999877929688,722.0999755859375,40603,0.0,0.0
2024-11-11 00:00:00+05:30,722.9000244140625,752.5499877929688,696.0999755859375,704.4500122070312,21347,0.0,0.0
2024-11-12 00:00:00+05:30,713.0,723.8499755859375,696.0499877929688,706.9500122070312,18454,0.0,0.0
2024-11-13 00:00:00+05:30,690.0999755859375,709.7999877929688,640.0,651.9000244140625,50013,0.0,0.0
2024-11-14 00:00:00+05:30,645.0,671.2000122070312,644.75,650.5,19681,0.0,0.0
2024-11-18 00:00:00+05:30,650.4500122070312,674.2000122070312,626.0499877929688,638.5999755859375,18702,0.0,0.0
2024-11-19 00:00:00+05:30,646.9500122070312,659.0,630.1500244140625,650.0499877929688,11183,0.0,0.0
2024-11-21 00:00:00+05:30,650.0,651.4000244140625,629.0499877929688,634.4500122070312,9979,0.0,0.0
2024-11-22 00:00:00+05:30,640.0,660.9500122070312,640.0,651.4500122070312,15946,0.0,0.0
2024-11-25 00:00:00+05:30,656.4500122070312,693.0,646.7000122070312,666.4000244140625,18866,0.0,0.0
2024-11-26 00:00:00+05:30,666.0,675.0,658.0,670.7999877929688,12813,0.0,0.0
2024-11-27 00:00:00+05:30,670.0,737.8499755859375,670.0,725.2999877929688,64770,0.0,0.0
2024-11-28 00:00:00+05:30,741.0,741.0,701.0,718.5,27921,0.0,0.0
2024-11-29 00:00:00+05:30,718.0,735.4000244140625,707.9500122070312,729.0999755859375,17168,0.0,0.0
2024-12-02 00:00:00+05:30,720.2000122070312,727.4500122070312,698.5499877929688,709.7000122070312,17948,0.0,0.0
2024-12-03 00:00:00+05:30,709.7000122070312,723.5999755859375,705.0499877929688,715.4000244140625,12656,0.0,0.0
2024-12-04 00:00:00+05:30,715.0999755859375,728.0499877929688,715.0999755859375,718.4500122070312,6777,0.0,0.0
2024-12-05 00:00:00+05:30,720.0,723.7000122070312,710.0499877929688,711.5999755859375,8205,0.0,0.0
2024-12-06 00:00:00+05:30,714.9000244140625,729.0,706.0499877929688,714.25,13932,0.0,0.0
2024-12-09 00:00:00+05:30,720.0,724.9500122070312,705.5999755859375,710.5499877929688,8306,0.0,0.0
2024-12-10 00:00:00+05:30,720.0,781.5999755859375,701.0499877929688,780.4500122070312,226252,0.0,0.0
2024-12-11 00:00:00+05:30,786.8499755859375,794.0,749.0,758.3499755859375,55985,0.0,0.0
2024-12-12 00:00:00+05:30,758.4000244140625,801.0,754.0,765.4000244140625,50523,0.0,0.0
2024-12-13 00:00:00+05:30,767.9500122070312,769.75,742.0,753.9500122070312,21219,0.0,0.0
2024-12-16 00:00:00+05:30,756.7999877929688,768.9500122070312,750.0,754.1500244140625,17726,0.0,0.0
2024-12-17 00:00:00+05:30,754.9000244140625,764.7999877929688,727.0,741.4000244140625,32281,0.0,0.0
2024-12-18 00:00:00+05:30,741.3499755859375,759.0,720.0999755859375,748.8499755859375,36111,0.0,0.0
2024-12-19 00:00:00+05:30,733.8499755859375,755.0,730.5,747.2999877929688,21942,0.0,0.0
2024-12-20 00:00:00+05:30,764.4500122070312,764.4500122070312,705.5999755859375,714.5999755859375,21795,0.0,0.0
2024-12-23 00:00:00+05:30,749.0,749.0,697.0499877929688,724.0999755859375,21530,0.0,0.0
2024-12-24 00:00:00+05:30,717.0,739.9500122070312,716.3499755859375,721.4000244140625,6528,0.0,0.0
2024-12-26 00:00:00+05:30,743.9000244140625,743.9000244140625,715.0,718.9000244140625,11674,0.0,0.0
2024-12-27 00:00:00+05:30,729.7000122070312,729.7000122070312,710.0499877929688,715.7999877929688,7441,0.0,0.0
2024-12-30 00:00:00+05:30,711.0,714.9000244140625,694.0,696.6500244140625,18838,0.0,0.0
2024-12-31 00:00:00+05:30,696.6500244140625,709.0,691.0499877929688,703.0,8538,0.0,0.0
2025-01-01 00:00:00+05:30,713.7000122070312,755.0,713.7000122070312,748.9500122070312,37100,0.0,0.0
2025-01-02 00:00:00+05:30,751.5499877929688,797.75,751.2000122070312,773.9500122070312,66043,0.0,0.0
2025-01-03 00:00:00+05:30,775.7999877929688,807.0,775.7999877929688,788.3499755859375,43683,0.0,0.0
2025-01-06 00:00:00+05:30,788.9000244140625,808.0,760.0,799.5499877929688,57494,0.0,0.0
2025-01-07 00:00:00+05:30,799.5999755859375,840.0,799.5999755859375,823.2000122070312,83612,0.0,0.0
2025-01-08 00:00:00+05:30,824.9500122070312,853.2000122070312,810.7999877929688,815.0,45368,0.0,0.0
2025-01-09 00:00:00+05:30,814.0,867.2000122070312,809.0499877929688,858.9000244140625,82671,0.0,0.0
2025-01-10 00:00:00+05:30,862.0499877929688,863.8499755859375,816.4500122070312,821.7999877929688,73499,0.0,0.0
2025-01-13 00:00:00+05:30,805.4500122070312,817.9000244140625,744.0,763.75,53035,0.0,0.0
2025-01-14 00:00:00+05:30,775.2000122070312,791.8499755859375,758.25,774.5,15049,0.0,0.0
2025-01-15 00:00:00+05:30,780.0,819.5999755859375,766.9000244140625,799.7000122070312,20069,0.0,0.0
2025-01-16 00:00:00+05:30,797.4500122070312,832.5,789.5499877929688,823.2000122070312,25299,0.0,0.0
2025-01-17 00:00:00+05:30,832.4500122070312,832.4500122070312,800.0,804.3499755859375,9545,0.0,0.0
2025-01-20 00:00:00+05:30,800.0,808.9500122070312,785.0,796.8499755859375,12769,0.0,0.0
2025-01-21 00:00:00+05:30,792.8499755859375,794.9500122070312,764.8499755859375,774.5999755859375,15004,0.0,0.0
2025-01-22 00:00:00+05:30,799.9500122070312,799.9500122070312,750.0,764.4000244140625,16771,0.0,0.0
2025-01-23 00:00:00+05:30,790.0499877929688,815.0,771.0499877929688,801.2000122070312,27666,0.0,0.0
2025-01-24 00:00:00+05:30,797.4500122070312,797.9000244140625,765.0,769.6500244140625,10925,0.0,0.0
2025-01-27 00:00:00+05:30,769.5,771.0499877929688,711.0999755859375,720.5,29083,0.0,0.0
2025-01-28 00:00:00+05:30,720.5,728.3499755859375,655.0,686.75,42838,0.0,0.0
2025-01-29 00:00:00+05:30,690.5,722.25,690.5,711.5999755859375,15492,0.0,0.0
2025-01-30 00:00:00+05:30,720.0,724.9500122070312,700.0,709.7999877929688,10949,0.0,0.0
2025-01-31 00:00:00+05:30,712.0499877929688,744.0,708.2999877929688,732.6500244140625,14659,0.0,0.0
2025-02-01 00:00:00+05:30,725.2999877929688,772.0,715.5499877929688,767.3499755859375,9660,0.0,0.0
2025-02-03 00:00:00+05:30,766.0,766.0,723.9000244140625,731.7999877929688,16213,0.0,0.0
2025-02-04 00:00:00+05:30,739.4500122070312,750.6500244140625,724.5499877929688,737.2000122070312,7633,0.0,0.0
2025-02-05 00:00:00+05:30,738.0999755859375,747.0,727.0,738.5499877929688,10514,0.0,0.0
2025-02-06 00:00:00+05:30,749.6500244140625,777.7000122070312,736.9000244140625,762.0499877929688,20636,0.0,0.0
2025-02-07 00:00:00+05:30,758.2999877929688,792.2999877929688,739.0999755859375,788.25,17714,0.0,0.0
2025-02-10 00:00:00+05:30,785.2000122070312,810.0,773.0499877929688,801.7000122070312,32042,0.0,0.0
2025-02-11 00:00:00+05:30,796.0,796.7000122070312,738.9500122070312,773.8499755859375,44891,0.0,0.0
2025-02-12 00:00:00+05:30,780.0,798.9500122070312,720.5,747.25,44345,0.0,0.0
2025-02-13 00:00:00+05:30,739.9000244140625,761.8499755859375,707.0,712.1500244140625,26255,0.0,0.0
2025-02-14 00:00:00+05:30,722.8499755859375,722.8499755859375,670.25,701.0499877929688,23250,0.0,0.0
2025-02-17 00:00:00+05:30,701.0,701.0,667.5,684.2999877929688,26779,0.0,0.0
2025-02-18 00:00:00+05:30,684.2999877929688,703.9000244140625,630.0499877929688,640.2000122070312,31206,0.0,0.0
2025-02-19 00:00:00+05:30,634.5,697.0,626.0,677.0999755859375,17810,0.0,0.0
2025-02-20 00:00:00+05:30,675.3499755859375,702.0,667.4000244140625,697.0,11253,0.0,0.0
2025-02-21 00:00:00+05:30,690.0,716.7000122070312,675.4000244140625,686.4500122070312,12480,0.0,0.0
2025-02-24 00:00:00+05:30,673.5499877929688,682.25,652.5499877929688,662.5999755859375,12609,0.0,0.0
2025-02-25 00:00:00+05:30,662.5999755859375,683.9000244140625,650.5,660.25,10692,0.0,0.0
2025-02-27 00:00:00+05:30,660.25,669.75,635.0,640.5499877929688,14678,0.0,0.0
2025-02-28 00:00:00+05:30,642.4500122070312,642.4500122070312,595.75,605.7000122070312,21892,0.0,0.0
2025-03-03 00:00:00+05:30,607.2000122070312,637.9500122070312,551.0,559.3499755859375,58987,0.0,0.0
2025-03-04 00:00:00+05:30,560.0,582.7000122070312,552.0499877929688,574.5,14916,0.0,0.0
2025-03-05 00:00:00+05:30,573.7000122070312,611.0,573.7000122070312,594.9000244140625,22712,0.0,0.0
2025-03-06 00:00:00+05:30,603.7999877929688,620.0,575.0499877929688,603.25,30924,0.0,0.0
2025-03-07 00:00:00+05:30,603.25,622.8499755859375,601.1500244140625,617.1500244140625,14693,0.0,0.0
2025-03-10 00:00:00+05:30,613.4500122070312,638.0999755859375,613.4500122070312,624.75,15411,0.0,0.0
2025-03-11 00:00:00+05:30,616.9000244140625,689.0,597.0,678.2000122070312,31767,0.0,0.0
2025-03-12 00:00:00+05:30,668.0499877929688,687.4000244140625,662.0499877929688,677.3499755859375,16265,0.0,0.0
2025-03-13 00:00:00+05:30,667.2000122070312,704.5,667.2000122070312,699.7000122070312,19949,0.0,0.0
2025-03-17 00:00:00+05:30,690.7000122070312,729.9500122070312,682.5499877929688,700.8499755859375,29063,0.0,0.0
2025-03-18 00:00:00+05:30,700.8499755859375,700.8499755859375,700.8499755859375,700.8499755859375,0,0.0,0.0
2025-03-19 00:00:00+05:30,744.4000244140625,774.5999755859375,731.2000122070312,768.7999877929688,35651,0.0,0.0
2025-03-20 00:00:00+05:30,764.2000122070312,793.9000244140625,751.6500244140625,762.4000244140625,21903,0.0,0.0
2025-03-21 00:00:00+05:30,762.3499755859375,773.9500122070312,753.0499877929688,768.2000122070312,16380,0.0,0.0
2025-03-24 00:00:00+05:30,774.9500122070312,793.4000244140625,760.0499877929688,769.4500122070312,31206,0.0,0.0
2025-03-25 00:00:00+05:30,772.0,776.2000122070312,713.5,718.25,39412,0.0,0.0
2025-03-26 00:00:00+05:30,721.0,732.7000122070312,699.6500244140625,704.5,15874,0.0,0.0
2025-03-27 00:00:00+05:30,691.0,710.0,672.7000122070312,688.5,35639,0.0,0.0
2025-03-28 00:00:00+05:30,698.8499755859375,730.4500122070312,676.9500122070312,679.9500122070312,23375,0.0,0.0
2025-04-01 00:00:00+05:30,685.4500122070312,699.9500122070312,670.0,680.7000122070312,12147,0.0,0.0
2025-04-02 00:00:00+05:30,680.7000122070312,686.9500122070312,664.0999755859375,676.6500244140625,6099,0.0,0.0
2025-04-03 00:00:00+05:30,676.6500244140625,708.3499755859375,676.4000244140625,701.0499877929688,14524,0.0,0.0
2025-04-04 00:00:00+05:30,690.5499877929688,702.0499877929688,664.0999755859375,679.4000244140625,15248,0.0,0.0
2025-04-07 00:00:00+05:30,572.8499755859375,670.0,572.8499755859375,644.5,25446,0.0,0.0
2025-04-08 00:00:00+05:30,655.5,689.0499877929688,637.5,644.1500244140625,16595,0.0,0.0
2025-04-09 00:00:00+05:30,644.1500244140625,660.4000244140625,632.9500122070312,641.4000244140625,7568,0.0,0.0
2025-04-11 00:00:00+05:30,651.0,676.7000122070312,651.0,657.9000244140625,7655,0.0,0.0
2025-04-15 00:00:00+05:30,663.8499755859375,688.5,663.1500244140625,685.3499755859375,22955,0.0,0.0
2025-04-16 00:00:00+05:30,685.3499755859375,691.0999755859375,673.75,682.0999755859375,7966,0.0,0.0
2025-04-17 00:00:00+05:30,689.0,699.9500122070312,676.2000122070312,692.7999877929688,17142,0.0,0.0
2025-04-21 00:00:00+05:30,700.5999755859375,717.8499755859375,693.0499877929688,701.75,15687,0.0,0.0
2025-04-22 00:00:00+05:30,692.9000244140625,700.5,685.0,686.8499755859375,12050,0.0,0.0
2025-04-23 00:00:00+05:30,686.0,696.9500122070312,684.0999755859375,689.2999877929688,7362,0.0,0.0
2025-04-24 00:00:00+05:30,695.0,698.5,670.5999755859375,673.2999877929688,10220,0.0,0.0
2025-04-25 00:00:00+05:30,693.25,716.5999755859375,645.0,651.0499877929688,17350,0.0,0.0
2025-04-28 00:00:00+05:30,632.0,666.5999755859375,624.0499877929688,663.5499877929688,12207,0.0,0.0
2025-04-29 00:00:00+05:30,669.0,697.4500122070312,666.0999755859375,691.5999755859375,16502,0.0,0.0
2025-04-30 00:00:00+05:30,697.0,700.0,651.0999755859375,667.0,15915,0.0,0.0
2025-05-02 00:00:00+05:30,687.0,687.0499877929688,654.8499755859375,658.2999877929688,10131,0.0,0.0
2025-05-05 00:00:00+05:30,655.7999877929688,692.0,655.7999877929688,675.6500244140625,17752,0.0,0.0
2025-05-06 00:00:00+05:30,670.0,697.0,660.5,664.4500122070312,17952,0.0,0.0
2025-05-07 00:00:00+05:30,651.0,693.8499755859375,640.2000122070312,678.0999755859375,41148,0.0,0.0
2025-05-08 00:00:00+05:30,679.7999877929688,698.0,665.2000122070312,684.8499755859375,34374,0.0,0.0
2025-05-09 00:00:00+05:30,674.5999755859375,748.4000244140625,655.0,737.0,206914,0.0,0.0
2025-05-12 00:00:00+05:30,752.0,884.4000244140625,750.5999755859375,884.4000244140625,371012,0.0,0.0
2025-05-13 00:00:00+05:30,902.2000122070312,919.9000244140625,866.0,900.4500122070312,237824,0.0,0.0
2025-05-14 00:00:00+05:30,897.0,955.0,875.5,943.7999877929688,212094,0.0,0.0
2025-05-15 00:00:00+05:30,924.0,938.25,910.9000244140625,930.9000244140625,35850,0.0,0.0
